<?xml version="1.0" encoding="utf-8"?>
<COLLADA xmlns="http://www.collada.org/2005/11/COLLADASchema" version="1.4.1">
  <asset><contributor><author>Mixamo</author><authoring_tool>COLLADA Mixamo exporter</authoring_tool><comments></comments></contributor><created>2019-04-28T20:26:28Z</created><modified>2019-04-28T20:26:28Z</modified><revision></revision><title></title><unit meter="0.010000"/><up_axis>Y_UP</up_axis></asset>
  <library_animations>
    <animation id="Hips-anim" name="Hips"><source id="Hips-Matrix-animation-input"><float_array id="Hips-Matrix-animation-input-array" count="465">

0.000000 0.033333 0.066667 0.100000 0.133333 0.166667 0.200000 0.233333 0.266667 0.300000 0.333333 0.366667 0.400000 0.433333 0.466667 0.500000
0.533333 0.566667 0.600000 0.633333 0.666667 0.700000 0.733333 0.766667 0.800000 0.833333 0.866667 0.900000 0.933333 0.966667 1.000000 1.033333
1.066667 1.100000 1.133333 1.166667 1.200000 1.233333 1.266667 1.300000 1.333333 1.366667 1.400000 1.433333 1.466667 1.500000 1.533333 1.566667
1.600000 1.633333 1.666667 1.700000 1.733333 1.766667 1.800000 1.833333 1.866667 1.900000 1.933333 1.966667 2.000000 2.033333 2.066667 2.100000
2.133333 2.166667 2.200000 2.233333 2.266667 2.300000 2.333333 2.366667 2.400000 2.433333 2.466667 2.500000 2.533333 2.566667 2.600000 2.633333
2.666667 2.700000 2.733333 2.766667 2.800000 2.833333 2.866667 2.900000 2.933333 2.966667 3.000000 3.033333 3.066667 3.100000 3.133333 3.166667
3.200000 3.233333 3.266667 3.300000 3.333333 3.366667 3.400000 3.433333 3.466667 3.500000 3.533333 3.566667 3.600000 3.633333 3.666667 3.700000
3.733333 3.766667 3.800000 3.833333 3.866667 3.900000 3.933333 3.966667 4.000000 4.033333 4.066667 4.100000 4.133333 4.166667 4.200000 4.233333
4.266667 4.300000 4.333333 4.366667 4.400000 4.433333 4.466667 4.500000 4.533333 4.566667 4.600000 4.633333 4.666667 4.700000 4.733333 4.766667
4.800000 4.833333 4.866667 4.900000 4.933333 4.966667 5.000000 5.033333 5.066667 5.100000 5.133333 5.166667 5.200000 5.233333 5.266667 5.300000
5.333333 5.366667 5.400000 5.433333 5.466667 5.500000 5.533333 5.566667 5.600000 5.633333 5.666667 5.700000 5.733333 5.766667 5.800000 5.833333
5.866667 5.900000 5.933333 5.966667 6.000000 6.033333 6.066667 6.100000 6.133333 6.166667 6.200000 6.233333 6.266667 6.300000 6.333333 6.366667
6.400000 6.433333 6.466667 6.500000 6.533333 6.566667 6.600000 6.633333 6.666667 6.700000 6.733333 6.766667 6.800000 6.833333 6.866667 6.900000
6.933333 6.966667 7.000000 7.033333 7.066667 7.100000 7.133333 7.166667 7.200000 7.233333 7.266667 7.300000 7.333333 7.366667 7.400000 7.433333
7.466667 7.500000 7.533333 7.566667 7.600000 7.633333 7.666667 7.700000 7.733333 7.766667 7.800000 7.833333 7.866667 7.900000 7.933333 7.966667
8.000000 8.033333 8.066667 8.100000 8.133333 8.166667 8.200000 8.233333 8.266667 8.300000 8.333333 8.366667 8.400000 8.433333 8.466667 8.500000
8.533333 8.566667 8.600000 8.633333 8.666667 8.700000 8.733333 8.766667 8.800000 8.833333 8.866667 8.900000 8.933333 8.966667 9.000000 9.033333
9.066667 9.100000 9.133333 9.166667 9.200000 9.233333 9.266667 9.300000 9.333333 9.366667 9.400000 9.433333 9.466667 9.500000 9.533333 9.566667
9.600000 9.633333 9.666667 9.700000 9.733333 9.766667 9.800000 9.833333 9.866667 9.900000 9.933333 9.966667 10.000000 10.033333 10.066667 10.100000
10.133333 10.166667 10.200000 10.233333 10.266667 10.300000 10.333333 10.366667 10.400000 10.433333 10.466667 10.500000 10.533333 10.566667 10.600000 10.633333
10.666667 10.700000 10.733333 10.766667 10.800000 10.833333 10.866667 10.900000 10.933333 10.966667 11.000000 11.033333 11.066667 11.100000 11.133333 11.166667
11.200000 11.233333 11.266667 11.300000 11.333333 11.366667 11.400000 11.433333 11.466667 11.500000 11.533333 11.566667 11.600000 11.633333 11.666667 11.700000
11.733333 11.766667 11.800000 11.833333 11.866667 11.900000 11.933333 11.966667 12.000000 12.033333 12.066667 12.100000 12.133333 12.166667 12.200000 12.233333
12.266667 12.300000 12.333333 12.366667 12.400000 12.433333 12.466667 12.500000 12.533333 12.566667 12.600000 12.633333 12.666667 12.700000 12.733333 12.766667
12.800000 12.833333 12.866667 12.900000 12.933333 12.966667 13.000000 13.033333 13.066667 13.100000 13.133333 13.166667 13.200000 13.233333 13.266667 13.300000
13.333333 13.366667 13.400000 13.433333 13.466667 13.500000 13.533333 13.566667 13.600000 13.633333 13.666667 13.700000 13.733333 13.766667 13.800000 13.833333
13.866667 13.900000 13.933333 13.966667 14.000000 14.033333 14.066667 14.100000 14.133333 14.166667 14.200000 14.233333 14.266667 14.300000 14.333333 14.366667
14.400000 14.433333 14.466667 14.500000 14.533333 14.566667 14.600000 14.633333 14.666667 14.700000 14.733333 14.766667 14.800000 14.833333 14.866667 14.900000
14.933333 14.966667 15.000000 15.033333 15.066667 15.100000 15.133333 15.166667 15.200000 15.233333 15.266667 15.300000 15.333333 15.366667 15.400000 15.433333
15.466667</float_array><technique_common><accessor source="#Hips-Matrix-animation-input-array" count="465"><param name="TIME" type="float"/></accessor></technique_common></source><source id="Hips-Matrix-animation-output-transform"><float_array id="Hips-Matrix-animation-output-transform-array" count="7440">

0.998904 0.033340 -0.032865 -0.004398 -0.033037 0.999407 0.009718 80.494995 0.033170 -0.008622 0.999413 0.423889 0.000000 0.000000 0.000000 1.000000
0.998899 0.033347 -0.032995 -0.002154 -0.033041 0.999406 0.009783 80.495811 0.033302 -0.008682 0.999408 0.421151 0.000000 0.000000 0.000000 1.000000
0.998893 0.033385 -0.033138 -0.000282 -0.033076 0.999404 0.009834 80.496223 0.033446 -0.008727 0.999402 0.419000 0.000000 0.000000 0.000000 1.000000
0.998887 0.033435 -0.033255 0.001282 -0.033124 0.999403 0.009859 80.496887 0.033564 -0.008746 0.999398 0.417234 0.000000 0.000000 0.000000 1.000000
0.998882 0.033476 -0.033374 0.002652 -0.033164 0.999401 0.009873 80.498077 0.033685 -0.008755 0.999394 0.415083 0.000000 0.000000 0.000000 1.000000
0.998878 0.033510 -0.033459 0.004010 -0.033197 0.999400 0.009870 80.497131 0.033769 -0.008748 0.999391 0.413787 0.000000 0.000000 0.000000 1.000000
0.998876 0.033541 -0.033498 0.005390 -0.033229 0.999399 0.009845 80.496109 0.033808 -0.008720 0.999390 0.413433 0.000000 0.000000 0.000000 1.000000
0.998875 0.033571 -0.033487 0.006692 -0.033260 0.999399 0.009805 80.494545 0.033796 -0.008680 0.999391 0.413426 0.000000 0.000000 0.000000 1.000000
0.998876 0.033603 -0.033425 0.008114 -0.033294 0.999398 0.009753 80.493431 0.033732 -0.008629 0.999394 0.413918 0.000000 0.000000 0.000000 1.000000
0.998880 0.033635 -0.033275 0.009406 -0.033330 0.999398 0.009680 80.493652 0.033581 -0.008560 0.999399 0.414363 0.000000 0.000000 0.000000 1.000000
0.998886 0.033659 -0.033087 0.010745 -0.033358 0.999397 0.009607 80.495224 0.033390 -0.008493 0.999406 0.414781 0.000000 0.000000 0.000000 1.000000
0.998893 0.033668 -0.032859 0.011686 -0.033372 0.999398 0.009531 80.497780 0.033161 -0.008424 0.999415 0.415254 0.000000 0.000000 0.000000 1.000000
0.998901 0.033675 -0.032614 0.012452 -0.033383 0.999398 0.009447 80.499191 0.032912 -0.008348 0.999423 0.415837 0.000000 0.000000 0.000000 1.000000
0.998909 0.033682 -0.032353 0.013410 -0.033396 0.999398 0.009358 80.499329 0.032649 -0.008267 0.999433 0.416417 0.000000 0.000000 0.000000 1.000000
0.998917 0.033706 -0.032089 0.014610 -0.033424 0.999398 0.009264 80.496346 0.032382 -0.008182 0.999442 0.416779 0.000000 0.000000 0.000000 1.000000
0.998923 0.033761 -0.031823 0.015797 -0.033484 0.999397 0.009187 80.490761 0.032114 -0.008112 0.999451 0.417681 0.000000 0.000000 0.000000 1.000000
0.998930 0.033819 -0.031535 0.017185 -0.033547 0.999395 0.009128 80.484474 0.031825 -0.008060 0.999461 0.418552 0.000000 0.000000 0.000000 1.000000
0.998938 0.033862 -0.031245 0.018593 -0.033594 0.999394 0.009073 80.484680 0.031533 -0.008014 0.999471 0.418513 0.000000 0.000000 0.000000 1.000000
0.998945 0.033906 -0.030979 0.020389 -0.033642 0.999393 0.009021 80.489258 0.031266 -0.007969 0.999479 0.418261 0.000000 0.000000 0.000000 1.000000
0.998950 0.033965 -0.030759 0.022789 -0.033704 0.999392 0.008962 80.491974 0.031045 -0.007916 0.999487 0.418938 0.000000 0.000000 0.000000 1.000000
0.998952 0.034009 -0.030622 0.025663 -0.033751 0.999391 0.008888 80.494324 0.030906 -0.007845 0.999492 0.419823 0.000000 0.000000 0.000000 1.000000
0.998955 0.034018 -0.030538 0.029016 -0.033764 0.999391 0.008806 80.497124 0.030818 -0.007766 0.999495 0.419724 0.000000 0.000000 0.000000 1.000000
0.998954 0.034002 -0.030570 0.033474 -0.033750 0.999392 0.008725 80.499916 0.030848 -0.007684 0.999495 0.418635 0.000000 0.000000 0.000000 1.000000
0.998953 0.033974 -0.030626 0.038444 -0.033723 0.999394 0.008658 80.501106 0.030901 -0.007616 0.999493 0.418069 0.000000 0.000000 0.000000 1.000000
0.998948 0.033949 -0.030844 0.043340 -0.033698 0.999395 0.008626 80.501900 0.031118 -0.007577 0.999487 0.417066 0.000000 0.000000 0.000000 1.000000
0.998938 0.033917 -0.031175 0.049205 -0.033662 0.999396 0.008641 80.503624 0.031449 -0.007583 0.999477 0.415580 0.000000 0.000000 0.000000 1.000000
0.998926 0.033874 -0.031625 0.055308 -0.033616 0.999397 0.008674 80.504440 0.031900 -0.007602 0.999462 0.414217 0.000000 0.000000 0.000000 1.000000
0.998909 0.033815 -0.032219 0.061619 -0.033552 0.999399 0.008671 80.503807 0.032493 -0.007581 0.999443 0.411936 0.000000 0.000000 0.000000 1.000000
0.998884 0.033773 -0.033018 0.070216 -0.033504 0.999401 0.008663 80.499260 0.033291 -0.007547 0.999417 0.410486 0.000000 0.000000 0.000000 1.000000
0.998850 0.033713 -0.034089 0.080006 -0.033437 0.999404 0.008625 80.497154 0.034359 -0.007475 0.999382 0.408901 0.000000 0.000000 0.000000 1.000000
0.998807 0.033658 -0.035393 0.093945 -0.033373 0.999406 0.008623 80.492943 0.035662 -0.007431 0.999336 0.411822 0.000000 0.000000 0.000000 1.000000
0.998743 0.033621 -0.037181 0.111683 -0.033319 0.999407 0.008711 80.490646 0.037451 -0.007461 0.999271 0.415227 0.000000 0.000000 0.000000 1.000000
0.998639 0.033510 -0.039978 0.136684 -0.033181 0.999410 0.008858 80.480675 0.040251 -0.007519 0.999161 0.418270 0.000000 0.000000 0.000000 1.000000
0.998477 0.033623 -0.043750 0.158903 -0.033259 0.999406 0.009018 80.456772 0.044027 -0.007549 0.999002 0.417143 0.000000 0.000000 0.000000 1.000000
0.998242 0.034223 -0.048388 0.174798 -0.033815 0.999386 0.009227 80.428192 0.048674 -0.007575 0.998786 0.414140 0.000000 0.000000 0.000000 1.000000
0.997863 0.035197 -0.055047 0.183734 -0.034696 0.999348 0.010037 80.401543 0.055364 -0.008106 0.998433 0.419320 0.000000 0.000000 0.000000 1.000000
0.997341 0.036276 -0.063202 0.188710 -0.035660 0.999305 0.010859 80.387993 0.063552 -0.008576 0.997942 0.428407 0.000000 0.000000 0.000000 1.000000
0.996569 0.037574 -0.073747 0.200274 -0.036851 0.999259 0.011149 80.371216 0.074111 -0.008393 0.997215 0.421483 0.000000 0.000000 0.000000 1.000000
0.995494 0.039039 -0.086417 0.200097 -0.038166 0.999203 0.011732 80.358765 0.086806 -0.008381 0.996190 0.422893 0.000000 0.000000 0.000000 1.000000
0.994003 0.040526 -0.101571 0.195082 -0.039475 0.999144 0.012339 80.333015 0.101984 -0.008256 0.994752 0.425353 0.000000 0.000000 0.000000 1.000000
0.992042 0.042152 -0.118642 0.190205 -0.040885 0.999078 0.013101 80.320435 0.119085 -0.008146 0.992851 0.421007 0.000000 0.000000 0.000000 1.000000
0.989530 0.044024 -0.137452 0.183927 -0.042521 0.999000 0.013856 80.309944 0.137925 -0.007866 0.990411 0.423773 0.000000 0.000000 0.000000 1.000000
0.986319 0.045798 -0.158358 0.186831 -0.044102 0.998926 0.014209 80.288269 0.158839 -0.007031 0.987279 0.430783 0.000000 0.000000 0.000000 1.000000
0.982367 0.047328 -0.180876 0.189589 -0.045445 0.998861 0.014541 80.263275 0.181358 -0.006065 0.983398 0.454881 0.000000 0.000000 0.000000 1.000000
0.977801 0.048900 -0.203750 0.186099 -0.046737 0.998788 0.015418 80.242340 0.204257 -0.005553 0.978901 0.495427 0.000000 0.000000 0.000000 1.000000
0.972364 0.049939 -0.228067 0.177686 -0.047523 0.998741 0.016075 80.217712 0.228583 -0.004792 0.973513 0.545120 0.000000 0.000000 0.000000 1.000000
0.965695 0.050866 -0.254648 0.169718 -0.048415 0.998701 0.015888 80.178833 0.255125 -0.003014 0.966903 0.586215 0.000000 0.000000 0.000000 1.000000
0.957677 0.051856 -0.283135 0.160772 -0.049485 0.998654 0.015524 80.183945 0.283559 -0.000856 0.958954 0.627558 0.000000 0.000000 0.000000 1.000000
0.948308 0.053179 -0.312863 0.157843 -0.050858 0.998584 0.015581 80.147186 0.313248 0.001136 0.949671 0.689982 0.000000 0.000000 0.000000 1.000000
0.937742 0.054654 -0.343007 0.159868 -0.052432 0.998500 0.015755 80.103088 0.343353 0.003210 0.939201 0.761989 0.000000 0.000000 0.000000 1.000000
0.926179 0.055879 -0.372922 0.159647 -0.053727 0.998425 0.016172 80.061707 0.373238 0.005057 0.927722 0.836292 0.000000 0.000000 0.000000 1.000000
0.914071 0.057498 -0.401458 0.146559 -0.054883 0.998330 0.018023 80.053299 0.401823 0.005559 0.915700 0.920558 0.000000 0.000000 0.000000 1.000000
0.900476 0.059245 -0.430851 0.130426 -0.056038 0.998225 0.020145 80.019684 0.431280 0.006004 0.902198 1.005432 0.000000 0.000000 0.000000 1.000000
0.886440 0.060075 -0.458929 0.113219 -0.056498 0.998170 0.021534 79.991287 0.459383 0.006841 0.888212 1.071684 0.000000 0.000000 0.000000 1.000000
0.871827 0.060145 -0.486107 0.097937 -0.056489 0.998157 0.022188 79.992584 0.486545 0.008116 0.873618 1.130659 0.000000 0.000000 0.000000 1.000000
0.857033 0.059883 -0.511770 0.077303 -0.056293 0.998160 0.022525 79.991508 0.512177 0.009504 0.858827 1.185770 0.000000 0.000000 0.000000 1.000000
0.842611 0.059801 -0.535192 0.060203 -0.056143 0.998155 0.023139 80.006905 0.535588 0.010550 0.844413 1.251860 0.000000 0.000000 0.000000 1.000000
0.828172 0.059422 -0.557315 0.041183 -0.055867 0.998164 0.023407 79.993752 0.557682 0.011750 0.829971 1.314681 0.000000 0.000000 0.000000 1.000000
0.814349 0.058393 -0.577430 0.017266 -0.055117 0.998210 0.023212 79.982452 0.577752 0.012923 0.816110 1.369961 0.000000 0.000000 0.000000 1.000000
0.800620 0.058089 -0.596349 -0.016545 -0.054768 0.998218 0.023706 80.012413 0.596663 0.013681 0.802375 1.435278 0.000000 0.000000 0.000000 1.000000
0.787386 0.057598 -0.613764 -0.055042 -0.054389 0.998234 0.023903 80.010681 0.614057 0.014561 0.789128 1.496481 0.000000 0.000000 0.000000 1.000000
0.774950 0.056882 -0.629458 -0.098351 -0.054085 0.998257 0.023623 80.032661 0.629704 0.015738 0.776675 1.540455 0.000000 0.000000 0.000000 1.000000
0.763937 0.056403 -0.642821 -0.143328 -0.054620 0.998250 0.022678 80.088791 0.642975 0.017786 0.765681 1.569748 0.000000 0.000000 0.000000 1.000000
0.753852 0.056126 -0.654643 -0.193806 -0.055409 0.998226 0.021778 80.115852 0.654704 0.019856 0.755625 1.598862 0.000000 0.000000 0.000000 1.000000
0.744603 0.055865 -0.665166 -0.242885 -0.055949 0.998208 0.021206 80.162369 0.665159 0.021425 0.746395 1.623437 0.000000 0.000000 0.000000 1.000000
0.735393 0.055397 -0.675373 -0.293215 -0.055420 0.998231 0.021534 80.181992 0.675371 0.021593 0.737162 1.657333 0.000000 0.000000 0.000000 1.000000
0.726787 0.055286 -0.684634 -0.347815 -0.055072 0.998237 0.022147 80.214355 0.684652 0.021608 0.728550 1.687743 0.000000 0.000000 0.000000 1.000000
0.718926 0.055605 -0.692859 -0.401763 -0.055482 0.998205 0.022541 80.225121 0.692869 0.022236 0.720721 1.718245 0.000000 0.000000 0.000000 1.000000
0.712098 0.055916 -0.699850 -0.449290 -0.056202 0.998164 0.022565 80.212585 0.699827 0.023265 0.713933 1.740636 0.000000 0.000000 0.000000 1.000000
0.706112 0.055933 -0.705887 -0.492301 -0.056914 0.998133 0.022158 80.200760 0.705809 0.024529 0.707977 1.753977 0.000000 0.000000 0.000000 1.000000
0.700695 0.055883 -0.711269 -0.531117 -0.057306 0.998115 0.021965 80.189529 0.711156 0.025370 0.702577 1.772223 0.000000 0.000000 0.000000 1.000000
0.695969 0.055650 -0.715912 -0.563022 -0.057225 0.998120 0.021956 80.165077 0.715788 0.025687 0.697845 1.789006 0.000000 0.000000 0.000000 1.000000
0.691771 0.055032 -0.720017 -0.593918 -0.057081 0.998139 0.021448 80.145683 0.719857 0.026263 0.693625 1.803556 0.000000 0.000000 0.000000 1.000000
0.688434 0.053792 -0.723302 -0.621052 -0.056614 0.998189 0.020352 80.137665 0.723086 0.026938 0.690232 1.813637 0.000000 0.000000 0.000000 1.000000
0.685621 0.052653 -0.726052 -0.641404 -0.056284 0.998229 0.019242 80.134224 0.725780 0.027672 0.687370 1.826267 0.000000 0.000000 0.000000 1.000000
0.683495 0.051623 -0.728128 -0.656128 -0.055889 0.998269 0.018312 80.140724 0.727813 0.028178 0.685197 1.837602 0.000000 0.000000 0.000000 1.000000
0.682108 0.050735 -0.729489 -0.668636 -0.055477 0.998306 0.017557 80.165527 0.729144 0.028494 0.683767 1.843610 0.000000 0.000000 0.000000 1.000000
0.680964 0.049965 -0.730610 -0.676402 -0.055121 0.998337 0.016899 80.181053 0.730239 0.028764 0.682586 1.848710 0.000000 0.000000 0.000000 1.000000
0.680014 0.049212 -0.731546 -0.679540 -0.054787 0.998366 0.016234 80.184883 0.731149 0.029040 0.681599 1.853729 0.000000 0.000000 0.000000 1.000000
0.679515 0.048572 -0.732052 -0.681282 -0.054594 0.998387 0.015566 80.177429 0.731628 0.029388 0.681071 1.860821 0.000000 0.000000 0.000000 1.000000
0.679536 0.047976 -0.732072 -0.683518 -0.054407 0.998407 0.014928 80.182053 0.731622 0.029686 0.681064 1.862056 0.000000 0.000000 0.000000 1.000000
0.679719 0.047476 -0.731934 -0.686353 -0.054225 0.998425 0.014405 80.196320 0.731465 0.029898 0.681223 1.860937 0.000000 0.000000 0.000000 1.000000
0.680304 0.047111 -0.731414 -0.688198 -0.054097 0.998438 0.013994 80.219917 0.730931 0.030047 0.681790 1.854733 0.000000 0.000000 0.000000 1.000000
0.681257 0.046795 -0.730547 -0.686888 -0.053955 0.998450 0.013641 80.233871 0.730053 0.030123 0.682726 1.847728 0.000000 0.000000 0.000000 1.000000
0.682660 0.046540 -0.729252 -0.685455 -0.054056 0.998452 0.013118 80.244995 0.728734 0.030466 0.684119 1.836851 0.000000 0.000000 0.000000 1.000000
0.684313 0.046370 -0.727713 -0.685718 -0.054369 0.998443 0.012494 80.253021 0.727159 0.031015 0.685768 1.827685 0.000000 0.000000 0.000000 1.000000
0.686126 0.046197 -0.726014 -0.686528 -0.054694 0.998433 0.011843 80.259651 0.725424 0.031583 0.687577 1.819890 0.000000 0.000000 0.000000 1.000000
0.687899 0.045982 -0.724349 -0.685861 -0.054946 0.998427 0.011200 80.259857 0.723724 0.032096 0.689343 1.816400 0.000000 0.000000 0.000000 1.000000
0.689827 0.045791 -0.722525 -0.688795 -0.055018 0.998428 0.010749 80.267258 0.721881 0.032337 0.691262 1.811659 0.000000 0.000000 0.000000 1.000000
0.691965 0.045477 -0.720497 -0.695228 -0.054957 0.998436 0.010240 80.276756 0.719836 0.032511 0.693382 1.805328 0.000000 0.000000 0.000000 1.000000
0.694049 0.045190 -0.718508 -0.699887 -0.054965 0.998441 0.009702 80.276993 0.717826 0.032760 0.695451 1.798726 0.000000 0.000000 0.000000 1.000000
0.696052 0.045068 -0.716576 -0.705885 -0.055029 0.998441 0.009342 80.268822 0.715880 0.032930 0.697447 1.789230 0.000000 0.000000 0.000000 1.000000
0.698008 0.044915 -0.714680 -0.714958 -0.055009 0.998445 0.009023 80.264503 0.713974 0.033016 0.699393 1.778237 0.000000 0.000000 0.000000 1.000000
0.699845 0.044627 -0.712899 -0.727288 -0.054822 0.998458 0.008685 80.260078 0.712188 0.033004 0.701213 1.767330 0.000000 0.000000 0.000000 1.000000
0.701752 0.044410 -0.711036 -0.737310 -0.054723 0.998467 0.008354 80.260414 0.710317 0.033048 0.703106 1.751670 0.000000 0.000000 0.000000 1.000000
0.703800 0.044127 -0.709026 -0.748965 -0.054558 0.998479 0.007985 80.254547 0.708300 0.033063 0.705137 1.732493 0.000000 0.000000 0.000000 1.000000
0.705831 0.043742 -0.707028 -0.758991 -0.054350 0.998494 0.007516 80.242516 0.706292 0.033122 0.707145 1.707184 0.000000 0.000000 0.000000 1.000000
0.708097 0.043120 -0.704797 -0.769173 -0.054040 0.998516 0.006797 80.233192 0.704044 0.033275 0.709376 1.674015 0.000000 0.000000 0.000000 1.000000
0.710421 0.042345 -0.702502 -0.778053 -0.053761 0.998537 0.005821 80.216095 0.701720 0.033632 0.711658 1.634938 0.000000 0.000000 0.000000 1.000000
0.712499 0.041620 -0.700438 -0.779972 -0.053603 0.998551 0.004807 80.197884 0.699623 0.034121 0.713697 1.592172 0.000000 0.000000 0.000000 1.000000
0.714597 0.040934 -0.698337 -0.777548 -0.053518 0.998560 0.003768 80.181129 0.697486 0.034681 0.715759 1.535730 0.000000 0.000000 0.000000 1.000000
0.716224 0.039974 -0.696725 -0.772506 -0.053370 0.998572 0.002428 80.166374 0.695827 0.035445 0.717334 1.474010 0.000000 0.000000 0.000000 1.000000
0.717623 0.038594 -0.695362 -0.767251 -0.053017 0.998593 0.000710 80.143394 0.694411 0.036357 0.718660 1.406211 0.000000 0.000000 0.000000 1.000000
0.719107 0.037231 -0.693901 -0.756608 -0.052749 0.998607 -0.001085 80.116829 0.692894 0.037383 0.720069 1.326336 0.000000 0.000000 0.000000 1.000000
0.720672 0.035958 -0.692343 -0.742153 -0.052626 0.998610 -0.002915 80.094849 0.691276 0.038536 0.721562 1.227068 0.000000 0.000000 0.000000 1.000000
0.722187 0.034441 -0.690840 -0.722470 -0.052511 0.998607 -0.005109 80.075958 0.689702 0.039967 0.722990 1.114428 0.000000 0.000000 0.000000 1.000000
0.723878 0.032771 -0.689150 -0.699215 -0.052404 0.998597 -0.007559 80.060242 0.687935 0.041586 0.724580 0.987040 0.000000 0.000000 0.000000 1.000000
0.725757 0.031309 -0.687238 -0.675225 -0.052613 0.998564 -0.010069 80.035561 0.685936 0.043465 0.726363 0.845570 0.000000 0.000000 0.000000 1.000000
0.727856 0.030041 -0.685072 -0.645827 -0.053034 0.998514 -0.012559 80.027992 0.683677 0.045473 0.728367 0.690028 0.000000 0.000000 0.000000 1.000000
0.729796 0.028899 -0.683053 -0.602801 -0.053495 0.998457 -0.014913 80.033997 0.681568 0.047423 0.730216 0.522750 0.000000 0.000000 0.000000 1.000000
0.732255 0.027424 -0.680478 -0.552209 -0.054315 0.998358 -0.018213 80.031006 0.678861 0.050297 0.732542 0.336735 0.000000 0.000000 0.000000 1.000000
0.734810 0.025338 -0.677799 -0.507797 -0.054753 0.998257 -0.022041 80.021294 0.676059 0.053307 0.734917 0.163351 0.000000 0.000000 0.000000 1.000000
0.737309 0.022902 -0.675168 -0.467933 -0.054723 0.998166 -0.025901 80.027710 0.673336 0.056044 0.737209 0.002952 0.000000 0.000000 0.000000 1.000000
0.739531 0.020484 -0.672810 -0.429947 -0.054761 0.998055 -0.029806 80.023102 0.670891 0.058886 0.739214 -0.155432 0.000000 0.000000 0.000000 1.000000
0.741517 0.018296 -0.670685 -0.397375 -0.055001 0.997921 -0.033587 80.039398 0.668676 0.061794 0.740982 -0.313420 0.000000 0.000000 0.000000 1.000000
0.743229 0.016167 -0.668842 -0.363146 -0.055328 0.997769 -0.037363 80.049248 0.666745 0.064775 0.742465 -0.466388 0.000000 0.000000 0.000000 1.000000
0.744784 0.013962 -0.667159 -0.327251 -0.055558 0.997607 -0.041146 80.041176 0.664988 0.067711 0.743778 -0.619920 0.000000 0.000000 0.000000 1.000000
0.746030 0.012040 -0.665803 -0.294485 -0.055798 0.997451 -0.044485 80.040245 0.663570 0.070338 0.744800 -0.761389 0.000000 0.000000 0.000000 1.000000
0.747013 0.010029 -0.664734 -0.265405 -0.056068 0.997274 -0.047963 80.044220 0.662441 0.073099 0.745539 -0.888829 0.000000 0.000000 0.000000 1.000000
0.747888 0.007949 -0.663778 -0.245415 -0.056015 0.997118 -0.051172 80.056938 0.661458 0.075453 0.746177 -0.999921 0.000000 0.000000 0.000000 1.000000
0.748511 0.006148 -0.663094 -0.225282 -0.056008 0.996970 -0.053978 80.058205 0.660753 0.077542 0.746587 -1.106836 0.000000 0.000000 0.000000 1.000000
0.748752 0.003902 -0.662839 -0.210610 -0.055844 0.996799 -0.057214 80.068016 0.660494 0.079855 0.746573 -1.196176 0.000000 0.000000 0.000000 1.000000
0.748599 0.001468 -0.663021 -0.203206 -0.055601 0.996614 -0.060571 80.076004 0.660687 0.082208 0.746146 -1.275127 0.000000 0.000000 0.000000 1.000000
0.748483 -0.000923 -0.663154 -0.197607 -0.055423 0.996413 -0.063941 80.105560 0.660834 0.084613 0.745747 -1.350490 0.000000 0.000000 0.000000 1.000000
0.748355 -0.003148 -0.663292 -0.194281 -0.055267 0.996216 -0.067083 80.143204 0.660992 0.086860 0.745348 -1.424475 0.000000 0.000000 0.000000 1.000000
0.748106 -0.005326 -0.663558 -0.190805 -0.055105 0.996015 -0.070120 80.172920 0.661288 0.089022 0.744831 -1.485371 0.000000 0.000000 0.000000 1.000000
0.747752 -0.007487 -0.663936 -0.186748 -0.054737 0.995838 -0.072878 80.203903 0.661718 0.090837 0.744230 -1.536832 0.000000 0.000000 0.000000 1.000000
0.747122 -0.009449 -0.664620 -0.186906 -0.054216 0.995701 -0.075103 80.234497 0.662472 0.092144 0.743398 -1.577002 0.000000 0.000000 0.000000 1.000000
0.746303 -0.011010 -0.665515 -0.192902 -0.053755 0.995600 -0.076750 80.263252 0.663432 0.093054 0.742428 -1.606933 0.000000 0.000000 0.000000 1.000000
0.745399 -0.012048 -0.666510 -0.199946 -0.053516 0.995528 -0.077845 80.294373 0.664468 0.093695 0.741420 -1.623577 0.000000 0.000000 0.000000 1.000000
0.744505 -0.012726 -0.667496 -0.209985 -0.053664 0.995442 -0.078834 80.324158 0.665457 0.094513 0.740429 -1.632591 0.000000 0.000000 0.000000 1.000000
0.743740 -0.012951 -0.668344 -0.221154 -0.054115 0.995364 -0.079508 80.341934 0.666275 0.095301 0.739591 -1.638005 0.000000 0.000000 0.000000 1.000000
0.742876 -0.012968 -0.669303 -0.236636 -0.054622 0.995304 -0.079910 80.345795 0.667196 0.095922 0.738680 -1.633082 0.000000 0.000000 0.000000 1.000000
0.741905 -0.012852 -0.670382 -0.253973 -0.055122 0.995263 -0.080082 80.339516 0.668235 0.096366 0.737682 -1.617238 0.000000 0.000000 0.000000 1.000000
0.741119 -0.012522 -0.671257 -0.271172 -0.055693 0.995233 -0.080055 80.326843 0.669059 0.096715 0.736889 -1.598963 0.000000 0.000000 0.000000 1.000000
0.740644 -0.011999 -0.671790 -0.287568 -0.056330 0.995212 -0.079879 80.318054 0.669532 0.097003 0.736422 -1.580355 0.000000 0.000000 0.000000 1.000000
0.740104 -0.011321 -0.672398 -0.305162 -0.056874 0.995223 -0.079356 80.301743 0.670084 0.096974 0.735924 -1.549026 0.000000 0.000000 0.000000 1.000000
0.739527 -0.010680 -0.673042 -0.322551 -0.057372 0.995236 -0.078832 80.297089 0.670678 0.096912 0.735391 -1.513693 0.000000 0.000000 0.000000 1.000000
0.739208 -0.009918 -0.673405 -0.337141 -0.057924 0.995250 -0.078242 80.297272 0.670982 0.096843 0.735122 -1.475981 0.000000 0.000000 0.000000 1.000000
0.739341 -0.009198 -0.673268 -0.349770 -0.058371 0.995267 -0.077696 80.306870 0.670796 0.096743 0.735305 -1.439317 0.000000 0.000000 0.000000 1.000000
0.739638 -0.008541 -0.672951 -0.360434 -0.058679 0.995293 -0.077127 80.332146 0.670442 0.096534 0.735655 -1.397174 0.000000 0.000000 0.000000 1.000000
0.740203 -0.008018 -0.672336 -0.368475 -0.058856 0.995318 -0.076667 80.361900 0.669803 0.096320 0.736266 -1.350584 0.000000 0.000000 0.000000 1.000000
0.741196 -0.007630 -0.671245 -0.371492 -0.058917 0.995337 -0.076371 80.384102 0.668698 0.096153 0.737291 -1.301983 0.000000 0.000000 0.000000 1.000000
0.742841 -0.007245 -0.669429 -0.368504 -0.058767 0.995376 -0.075984 80.411789 0.666883 0.095784 0.738980 -1.259412 0.000000 0.000000 0.000000 1.000000
0.744906 -0.006738 -0.667136 -0.369547 -0.058577 0.995427 -0.075459 80.434906 0.664593 0.095289 0.741104 -1.205988 0.000000 0.000000 0.000000 1.000000
0.747304 -0.006344 -0.664452 -0.367650 -0.058151 0.995494 -0.074906 80.455833 0.661933 0.094617 0.743568 -1.147674 0.000000 0.000000 0.000000 1.000000
0.750676 -0.006082 -0.660642 -0.359137 -0.057518 0.995559 -0.074522 80.490402 0.658162 0.093940 0.746993 -1.089103 0.000000 0.000000 0.000000 1.000000
0.755006 -0.005519 -0.655694 -0.347564 -0.056986 0.995629 -0.073996 80.521873 0.653237 0.093233 0.751392 -1.033729 0.000000 0.000000 0.000000 1.000000
0.759538 -0.004718 -0.650446 -0.343025 -0.056770 0.995677 -0.073514 80.546043 0.647981 0.092762 0.755987 -0.970534 0.000000 0.000000 0.000000 1.000000
0.764633 -0.003826 -0.644454 -0.342891 -0.056910 0.995675 -0.073435 80.545296 0.641948 0.092827 0.761109 -0.923965 0.000000 0.000000 0.000000 1.000000
0.771466 -0.002654 -0.636265 -0.337596 -0.056559 0.995747 -0.072730 80.550995 0.633752 0.092095 0.768034 -0.889099 0.000000 0.000000 0.000000 1.000000
0.779441 -0.001629 -0.626474 -0.323055 -0.055847 0.995835 -0.072073 80.576370 0.623982 0.091163 0.776103 -0.865019 0.000000 0.000000 0.000000 1.000000
0.788052 -0.000656 -0.615608 -0.313964 -0.054789 0.995956 -0.071197 80.592918 0.613165 0.089835 0.784830 -0.826840 0.000000 0.000000 0.000000 1.000000
0.796895 0.000702 -0.604118 -0.305626 -0.054031 0.996075 -0.070115 80.606743 0.601697 0.088516 0.793804 -0.777800 0.000000 0.000000 0.000000 1.000000
0.806285 0.002071 -0.591523 -0.297320 -0.053197 0.996196 -0.069023 80.601189 0.589130 0.087119 0.803328 -0.723920 0.000000 0.000000 0.000000 1.000000
0.816296 0.003107 -0.577625 -0.299668 -0.051981 0.996323 -0.068100 80.612137 0.575290 0.085616 0.813457 -0.685945 0.000000 0.000000 0.000000 1.000000
0.827008 0.003632 -0.562178 -0.303787 -0.049671 0.996540 -0.066632 80.618896 0.559991 0.083030 0.824328 -0.631255 0.000000 0.000000 0.000000 1.000000
0.838362 0.004730 -0.545094 -0.304979 -0.047753 0.996755 -0.064795 80.640228 0.543019 0.080351 0.835867 -0.585166 0.000000 0.000000 0.000000 1.000000
0.849571 0.005458 -0.527446 -0.311206 -0.045690 0.996950 -0.063276 80.667389 0.525492 0.077857 0.847229 -0.528394 0.000000 0.000000 0.000000 1.000000
0.860873 0.006530 -0.508778 -0.312512 -0.043758 0.997163 -0.061243 80.664360 0.506934 0.074986 0.858717 -0.474962 0.000000 0.000000 0.000000 1.000000
0.872707 0.007697 -0.488183 -0.306652 -0.041580 0.997415 -0.058605 80.681030 0.486470 0.071444 0.870771 -0.422043 0.000000 0.000000 0.000000 1.000000
0.884316 0.008567 -0.466809 -0.309247 -0.039431 0.997630 -0.056389 80.684822 0.465220 0.068273 0.882558 -0.368195 0.000000 0.000000 0.000000 1.000000
0.896062 0.009115 -0.443835 -0.302914 -0.037482 0.997772 -0.055183 80.656334 0.442343 0.066083 0.894408 -0.325901 0.000000 0.000000 0.000000 1.000000
0.907601 0.009718 -0.419721 -0.294750 -0.035623 0.997909 -0.053925 80.654823 0.418319 0.063894 0.906050 -0.291191 0.000000 0.000000 0.000000 1.000000
0.919049 0.010559 -0.394002 -0.272375 -0.034043 0.998032 -0.052660 80.639984 0.392671 0.061810 0.917600 -0.256863 0.000000 0.000000 0.000000 1.000000
0.929868 0.010767 -0.367735 -0.257616 -0.031585 0.998217 -0.050638 80.642960 0.366535 0.058702 0.928551 -0.221366 0.000000 0.000000 0.000000 1.000000
0.940077 0.010497 -0.340801 -0.253645 -0.028755 0.998406 -0.048567 80.648590 0.339748 0.055457 0.938880 -0.171377 0.000000 0.000000 0.000000 1.000000
0.949698 0.010638 -0.312986 -0.247160 -0.026712 0.998532 -0.047114 80.627083 0.312025 0.053105 0.948589 -0.139054 0.000000 0.000000 0.000000 1.000000
0.958501 0.010573 -0.284895 -0.249622 -0.024675 0.998639 -0.045956 80.615913 0.284021 0.051079 0.957457 -0.111959 0.000000 0.000000 0.000000 1.000000
0.966576 0.010273 -0.256176 -0.249454 -0.022448 0.998751 -0.044645 80.606071 0.255397 0.048904 0.965599 -0.076449 0.000000 0.000000 0.000000 1.000000
0.973978 0.009834 -0.226429 -0.265555 -0.020133 0.998863 -0.043221 80.606140 0.225747 0.046655 0.973068 -0.035714 0.000000 0.000000 0.000000 1.000000
0.980541 0.008740 -0.196122 -0.289977 -0.017296 0.998970 -0.041953 80.616676 0.195553 0.044529 0.979682 -0.001110 0.000000 0.000000 0.000000 1.000000
0.986150 0.007166 -0.165703 -0.309062 -0.014020 0.999092 -0.040230 80.610802 0.165265 0.041996 0.985355 0.048136 0.000000 0.000000 0.000000 1.000000
0.990697 0.006102 -0.135946 -0.333835 -0.011377 0.999211 -0.038061 80.623741 0.135606 0.039254 0.989985 0.107707 0.000000 0.000000 0.000000 1.000000
0.994283 0.005346 -0.106641 -0.364774 -0.009173 0.999330 -0.035433 80.660927 0.106380 0.036209 0.993666 0.179146 0.000000 0.000000 0.000000 1.000000
0.997013 0.004606 -0.077102 -0.392416 -0.007128 0.999447 -0.032468 80.656013 0.076910 0.032921 0.996494 0.251193 0.000000 0.000000 0.000000 1.000000
0.998868 0.003727 -0.047414 -0.422509 -0.005130 0.999551 -0.029508 80.640404 0.047283 0.029718 0.998439 0.323338 0.000000 0.000000 0.000000 1.000000
0.999842 0.003066 -0.017509 -0.449720 -0.003527 0.999647 -0.026331 80.643997 0.017422 0.026389 0.999500 0.408600 0.000000 0.000000 0.000000 1.000000
0.999921 0.002362 0.012315 -0.471158 -0.002059 0.999696 -0.024566 80.602951 -0.012369 0.024539 0.999622 0.480029 0.000000 0.000000 0.000000 1.000000
0.999133 0.001292 0.041606 -0.498430 -0.000302 0.999717 -0.023786 80.577988 -0.041625 0.023753 0.998851 0.540359 0.000000 0.000000 0.000000 1.000000
0.997531 0.001147 0.070223 -0.542258 0.000363 0.999769 -0.021486 80.571045 -0.070231 0.021458 0.997300 0.614377 0.000000 0.000000 0.000000 1.000000
0.995184 0.000584 0.098018 -0.586245 0.001279 0.999820 -0.018942 80.565147 -0.098011 0.018976 0.995004 0.699357 0.000000 0.000000 0.000000 1.000000
0.992125 -0.000447 0.125254 -0.629793 0.002553 0.999858 -0.016655 80.548264 -0.125229 0.016843 0.991985 0.789650 0.000000 0.000000 0.000000 1.000000
0.988414 -0.001912 0.151773 -0.677924 0.004160 0.999886 -0.014497 80.529068 -0.151728 0.014960 0.988309 0.878753 0.000000 0.000000 0.000000 1.000000
0.984214 -0.003752 0.176943 -0.720705 0.005929 0.999913 -0.011777 80.524673 -0.176884 0.012640 0.984151 0.976007 0.000000 0.000000 0.000000 1.000000
0.979830 -0.005835 0.199745 -0.757782 0.007838 0.999927 -0.009239 80.532799 -0.199677 0.010619 0.979804 1.078004 0.000000 0.000000 0.000000 1.000000
0.975138 -0.007398 0.221475 -0.796005 0.009341 0.999927 -0.007726 80.550552 -0.221402 0.009603 0.975135 1.166157 0.000000 0.000000 0.000000 1.000000
0.970109 -0.007514 0.242552 -0.837491 0.009563 0.999928 -0.007273 80.557625 -0.242479 0.009375 0.970111 1.242803 0.000000 0.000000 0.000000 1.000000
0.964969 -0.006694 0.262278 -0.877088 0.008852 0.999936 -0.007049 80.561020 -0.262214 0.009124 0.964967 1.313045 0.000000 0.000000 0.000000 1.000000
0.959890 -0.005827 0.280316 -0.918173 0.007994 0.999946 -0.006586 80.572723 -0.280263 0.008563 0.959885 1.387729 0.000000 0.000000 0.000000 1.000000
0.954943 -0.004838 0.296749 -0.949843 0.006954 0.999957 -0.006076 80.586639 -0.296707 0.007866 0.954936 1.459250 0.000000 0.000000 0.000000 1.000000
0.950103 -0.003823 0.311913 -0.968587 0.005924 0.999966 -0.005788 80.594940 -0.311880 0.007347 0.950093 1.529791 0.000000 0.000000 0.000000 1.000000
0.945656 -0.003499 0.325151 -0.987273 0.005645 0.999968 -0.005656 80.581169 -0.325120 0.007184 0.945645 1.601006 0.000000 0.000000 0.000000 1.000000
0.941645 -0.003997 0.336583 -0.991248 0.006039 0.999969 -0.005018 80.586014 -0.336552 0.006758 0.941641 1.670018 0.000000 0.000000 0.000000 1.000000
0.937917 -0.004500 0.346830 -0.989261 0.006488 0.999968 -0.004572 80.609398 -0.346799 0.006539 0.937917 1.727343 0.000000 0.000000 0.000000 1.000000
0.934629 -0.004569 0.355596 -0.998975 0.006498 0.999970 -0.004229 80.627380 -0.355566 0.006263 0.934630 1.784068 0.000000 0.000000 0.000000 1.000000
0.931566 -0.004423 0.363544 -1.008531 0.006228 0.999973 -0.003793 80.652367 -0.363518 0.005798 0.931569 1.845837 0.000000 0.000000 0.000000 1.000000
0.928836 -0.004105 0.370469 -1.017392 0.005756 0.999978 -0.003351 80.692230 -0.370447 0.005245 0.928839 1.898497 0.000000 0.000000 0.000000 1.000000
0.926401 -0.003600 0.376522 -1.021759 0.005264 0.999980 -0.003391 80.733170 -0.376502 0.005123 0.926402 1.937016 0.000000 0.000000 0.000000 1.000000
0.924070 -0.002840 0.382212 -1.026821 0.004597 0.999983 -0.003683 80.763023 -0.382195 0.005160 0.924067 1.968314 0.000000 0.000000 0.000000 1.000000
0.922198 -0.002511 0.386709 -1.026589 0.004231 0.999985 -0.003596 80.802399 -0.386694 0.004952 0.922195 2.000641 0.000000 0.000000 0.000000 1.000000
0.920729 -0.002403 0.390195 -1.015186 0.003933 0.999987 -0.003122 80.827530 -0.390183 0.004409 0.920727 2.028826 0.000000 0.000000 0.000000 1.000000
0.919482 -0.002256 0.393126 -0.996662 0.003607 0.999990 -0.002697 80.846771 -0.393116 0.003897 0.919481 2.048684 0.000000 0.000000 0.000000 1.000000
0.918399 -0.001666 0.395651 -0.984382 0.003045 0.999991 -0.002859 80.876884 -0.395643 0.003830 0.918397 2.055553 0.000000 0.000000 0.000000 1.000000
0.917522 -0.001022 0.397683 -0.972472 0.002452 0.999992 -0.003088 80.886047 -0.397677 0.003808 0.917518 2.049564 0.000000 0.000000 0.000000 1.000000
0.917027 -0.000265 0.398826 -0.956370 0.001572 0.999994 -0.002950 80.873375 -0.398823 0.003332 0.917022 2.044506 0.000000 0.000000 0.000000 1.000000
0.916823 0.000595 0.399293 -0.936469 0.000531 0.999996 -0.002709 80.840256 -0.399294 0.002696 0.916819 2.040486 0.000000 0.000000 0.000000 1.000000
0.916829 0.001321 0.399279 -0.916919 -0.000312 0.999997 -0.002591 80.784958 -0.399281 0.002250 0.916826 2.037297 0.000000 0.000000 0.000000 1.000000
0.917027 0.001633 0.398822 -0.893075 -0.001001 0.999998 -0.001793 80.714279 -0.398824 0.001245 0.917026 2.033351 0.000000 0.000000 0.000000 1.000000
0.917303 0.002074 0.398186 -0.871462 -0.001950 0.999998 -0.000715 80.636154 -0.398186 -0.000121 0.917305 2.024256 0.000000 0.000000 0.000000 1.000000
0.917604 0.002642 0.397486 -0.849151 -0.002808 0.999996 -0.000165 80.556206 -0.397485 -0.000964 0.917608 2.007407 0.000000 0.000000 0.000000 1.000000
0.917895 0.003374 0.396810 -0.826011 -0.003609 0.999993 -0.000154 80.475220 -0.396808 -0.001291 0.917901 1.979043 0.000000 0.000000 0.000000 1.000000
0.918321 0.003976 0.395816 -0.807925 -0.004204 0.999991 -0.000292 80.413147 -0.395813 -0.001396 0.918330 1.946520 0.000000 0.000000 0.000000 1.000000
0.918896 0.004457 0.394475 -0.793611 -0.004727 0.999989 -0.000289 80.384895 -0.394472 -0.001599 0.918906 1.914731 0.000000 0.000000 0.000000 1.000000
0.919501 0.004881 0.393056 -0.779157 -0.005238 0.999986 -0.000164 80.378021 -0.393052 -0.001908 0.919514 1.878971 0.000000 0.000000 0.000000 1.000000
0.920126 0.005413 0.391585 -0.767337 -0.005802 0.999983 -0.000190 80.376160 -0.391579 -0.002097 0.920142 1.844680 0.000000 0.000000 0.000000 1.000000
0.920681 0.006081 0.390269 -0.755068 -0.006412 0.999979 -0.000456 80.369064 -0.390264 -0.002082 0.920701 1.802824 0.000000 0.000000 0.000000 1.000000
0.921298 0.006699 0.388801 -0.742539 -0.006949 0.999976 -0.000761 80.369133 -0.388796 -0.002000 0.921322 1.762449 0.000000 0.000000 0.000000 1.000000
0.921918 0.007144 0.387318 -0.727983 -0.007369 0.999972 -0.000904 80.388428 -0.387314 -0.002021 0.921946 1.719860 0.000000 0.000000 0.000000 1.000000
0.922679 0.007579 0.385495 -0.711731 -0.007874 0.999969 -0.000812 80.395447 -0.385489 -0.002286 0.922710 1.675289 0.000000 0.000000 0.000000 1.000000
0.923662 0.008124 0.383122 -0.693985 -0.008441 0.999964 -0.000854 80.393967 -0.383115 -0.002445 0.923697 1.628566 0.000000 0.000000 0.000000 1.000000
0.924907 0.008772 0.380091 -0.678300 -0.009077 0.999958 -0.000991 80.407219 -0.380084 -0.002533 0.924949 1.584224 0.000000 0.000000 0.000000 1.000000
0.926309 0.009535 0.376643 -0.663353 -0.009845 0.999951 -0.001101 80.425606 -0.376635 -0.002688 0.926358 1.540372 0.000000 0.000000 0.000000 1.000000
0.927815 0.010315 0.372898 -0.643030 -0.010740 0.999942 -0.000936 80.424065 -0.372886 -0.003136 0.927872 1.498671 0.000000 0.000000 0.000000 1.000000
0.929304 0.011337 0.369142 -0.619246 -0.011937 0.999929 -0.000660 80.427780 -0.369124 -0.003793 0.929373 1.458336 0.000000 0.000000 0.000000 1.000000
0.930897 0.012245 0.365078 -0.599551 -0.012825 0.999917 -0.000834 80.443199 -0.365058 -0.003905 0.930977 1.414339 0.000000 0.000000 0.000000 1.000000
0.932601 0.012950 0.360677 -0.581356 -0.013425 0.999909 -0.001188 80.461845 -0.360660 -0.003734 0.932690 1.368602 0.000000 0.000000 0.000000 1.000000
0.934349 0.013831 0.356092 -0.562761 -0.014329 0.999897 -0.001238 80.462120 -0.356072 -0.003946 0.934450 1.322886 0.000000 0.000000 0.000000 1.000000
0.936143 0.014833 0.351306 -0.547990 -0.015433 0.999880 -0.001092 80.481812 -0.351280 -0.004400 0.936260 1.277245 0.000000 0.000000 0.000000 1.000000
0.938061 0.015870 0.346105 -0.537022 -0.016654 0.999861 -0.000710 80.487473 -0.346068 -0.005098 0.938195 1.231273 0.000000 0.000000 0.000000 1.000000
0.939953 0.016811 0.340890 -0.522404 -0.017698 0.999843 -0.000508 80.482452 -0.340845 -0.005555 0.940103 1.189601 0.000000 0.000000 0.000000 1.000000
0.941776 0.017518 0.335783 -0.506244 -0.018527 0.999828 -0.000199 80.471558 -0.335729 -0.006034 0.941939 1.158426 0.000000 0.000000 0.000000 1.000000
0.943599 0.018084 0.330596 -0.491266 -0.019222 0.999815 0.000174 80.479927 -0.330531 -0.006519 0.943772 1.129491 0.000000 0.000000 0.000000 1.000000
