<?xml version="1.0" encoding="utf-8"?>
<COLLADA xmlns="http://www.collada.org/2005/11/COLLADASchema" version="1.4.1">
  <asset><contributor><author>Mixamo</author><authoring_tool>COLLADA Mixamo exporter</authoring_tool><comments></comments></contributor><created>2019-04-28T19:35:18Z</created><modified>2019-04-28T19:35:18Z</modified><revision></revision><title></title><unit meter="0.010000"/><up_axis>Y_UP</up_axis></asset>
  <library_animations>
    <animation id="Hips-anim" name="Hips"><source id="Hips-Matrix-animation-input"><float_array id="Hips-Matrix-animation-input-array" count="32">

0.000000 0.033333 0.066667 0.100000 0.133333 0.166667 0.200000 0.233333 0.266667 0.300000 0.333333 0.366667 0.400000 0.433333 0.466667 0.500000
0.533333 0.566667 0.600000 0.633333 0.666667 0.700000 0.733333 0.766667 0.800000 0.833333 0.866667 0.900000 0.933333 0.966667 1.000000 1.033333</float_array><technique_common><accessor source="#Hips-Matrix-animation-input-array" count="32"><param name="TIME" type="float"/></accessor></technique_common></source><source id="Hips-Matrix-animation-output-transform"><float_array id="Hips-Matrix-animation-output-transform-array" count="512">

0.999436 -0.001154 0.033574 0.033397 0.002291 0.999425 -0.033836 83.983307 -0.033515 0.033893 0.998863 0.494070 0.000000 0.000000 0.000000 1.000000
0.999698 -0.004602 0.024133 0.138007 0.005667 0.999004 -0.044249 84.530052 -0.023905 0.044373 0.998729 0.190988 0.000000 0.000000 0.000000 1.000000
0.999913 -0.000905 0.013182 0.321477 0.001636 0.998456 -0.055516 84.447357 -0.013111 0.055532 0.998371 -0.124065 0.000000 0.000000 0.000000 1.000000
0.999732 0.022024 -0.007135 0.630060 -0.022432 0.997742 -0.063313 83.643524 0.005724 0.063456 0.997968 -0.348892 0.000000 0.000000 0.000000 1.000000
0.998358 0.046019 -0.034118 0.924869 -0.048197 0.996653 -0.066024 82.324585 0.030966 0.067560 0.997235 -0.353067 0.000000 0.000000 0.000000 1.000000
0.997000 0.055569 -0.053876 1.182470 -0.059226 0.995868 -0.068841 80.895927 0.049828 0.071825 0.996172 -0.276703 0.000000 0.000000 0.000000 1.000000
0.996463 0.053759 -0.064585 1.449708 -0.058206 0.995913 -0.069065 79.782661 0.060608 0.072580 0.995519 -0.267812 0.000000 0.000000 0.000000 1.000000
0.997349 0.040663 -0.060341 1.755291 -0.043863 0.997647 -0.052694 78.980103 0.058056 0.055201 0.996786 0.165680 0.000000 0.000000 0.000000 1.000000
0.998227 0.032350 -0.049959 2.244910 -0.034359 0.998613 -0.039887 78.613731 0.048599 0.041533 0.997954 1.133153 0.000000 0.000000 0.000000 1.000000
0.998906 0.025267 -0.039338 2.798220 -0.026390 0.999251 -0.028299 78.376511 0.038593 0.029306 0.998825 1.942679 0.000000 0.000000 0.000000 1.000000
0.999412 0.019422 -0.028263 3.300649 -0.019935 0.999640 -0.017981 78.197350 0.027903 0.018534 0.999439 2.363685 0.000000 0.000000 0.000000 1.000000
0.999782 0.013355 -0.016052 3.761734 -0.013500 0.999869 -0.008976 78.324432 0.015930 0.009191 0.999831 2.440177 0.000000 0.000000 0.000000 1.000000
0.999967 0.007599 -0.002903 4.105744 -0.007603 0.999970 -0.001295 78.862305 0.002893 0.001317 0.999995 2.286212 0.000000 0.000000 0.000000 1.000000
0.999936 0.002611 0.010980 4.219973 -0.002667 0.999984 0.005056 79.897369 -0.010967 -0.005085 0.999927 1.998991 0.000000 0.000000 0.000000 1.000000
0.999680 -0.001983 0.025231 4.121026 0.001729 0.999948 0.010079 81.106804 -0.025250 -0.010033 0.999631 1.653671 0.000000 0.000000 0.000000 1.000000
0.999194 -0.006704 0.039580 3.855823 0.006162 0.999886 0.013786 82.144478 -0.039668 -0.013531 0.999121 1.453718 0.000000 0.000000 0.000000 1.000000
0.998486 -0.011460 0.053802 3.595935 0.010731 0.999847 0.013803 82.983574 -0.053951 -0.013205 0.998456 1.389923 0.000000 0.000000 0.000000 1.000000
0.997621 -0.015708 0.067118 3.360187 0.015108 0.999841 0.009438 83.368881 -0.067256 -0.008402 0.997700 1.317970 0.000000 0.000000 0.000000 1.000000
0.996652 -0.019790 0.079330 3.101045 0.019882 0.999802 -0.000365 83.232498 -0.079307 0.001941 0.996848 1.261138 0.000000 0.000000 0.000000 1.000000
0.994624 -0.036283 0.096989 2.718296 0.037714 0.999204 -0.012967 82.742149 -0.096441 0.016556 0.995201 1.360759 0.000000 0.000000 0.000000 1.000000
0.991922 -0.050783 0.116242 2.339747 0.054226 0.998173 -0.026648 81.817032 -0.114677 0.032736 0.992863 1.565420 0.000000 0.000000 0.000000 1.000000
0.990168 -0.057556 0.127497 1.996193 0.063412 0.997088 -0.042356 80.829689 -0.124688 0.050025 0.990934 1.616397 0.000000 0.000000 0.000000 1.000000
0.990263 -0.053926 0.128339 1.576596 0.060136 0.997175 -0.045008 79.747902 -0.125549 0.052288 0.990709 1.876272 0.000000 0.000000 0.000000 1.000000
0.992493 -0.034269 0.117399 1.131827 0.038122 0.998800 -0.030731 78.936752 -0.116205 0.034976 0.992609 2.474558 0.000000 0.000000 0.000000 1.000000
0.994198 -0.021929 0.105310 0.623519 0.024832 0.999345 -0.026339 78.479233 -0.104664 0.028802 0.994091 3.185532 0.000000 0.000000 0.000000 1.000000
0.995466 -0.012384 0.094307 0.122842 0.014828 0.999571 -0.025256 78.233086 -0.093954 0.026540 0.995223 3.540579 0.000000 0.000000 0.000000 1.000000
0.996484 -0.006878 0.083498 -0.411950 0.009142 0.999600 -0.026768 78.516510 -0.083280 0.027437 0.996148 3.572127 0.000000 0.000000 0.000000 1.000000
0.997332 -0.003543 0.072912 -0.812254 0.005728 0.999540 -0.029779 79.174530 -0.072773 0.030117 0.996894 3.085014 0.000000 0.000000 0.000000 1.000000
0.998040 -0.002101 0.062543 -0.890429 0.004182 0.999441 -0.033163 80.230957 -0.062438 0.033359 0.997491 2.437896 0.000000 0.000000 0.000000 1.000000
0.998623 -0.002052 0.052415 -0.668059 0.003931 0.999353 -0.035760 81.553406 -0.052308 0.035917 0.997985 1.867303 0.000000 0.000000 0.000000 1.000000
0.999085 -0.001993 0.042720 -0.308602 0.003550 0.999331 -0.036388 82.886536 -0.042619 0.036506 0.998424 1.224088 0.000000 0.000000 0.000000 1.000000
0.999436 -0.001154 0.033574 0.033397 0.002291 0.999425 -0.033836 83.983307 -0.033515 0.033893 0.998863 0.494069 0.000000 0.000000 0.000000 1.000000</float_array><technique_common><accessor source="#Hips-Matrix-animation-output-transform-array" count="32" stride="16"><param type="float4x4"/></accessor></technique_common></source><source id="Hips-Interpolations"><Name_array id="Hips-Interpolations-array" count="32">
 LINEAR LINEAR LINEAR LINEAR LINEAR LINEAR LINEAR LINEAR LINEAR LINEAR LINEAR
LINEAR LINEAR LINEAR LINEAR LINEAR LINEAR LINEAR LINEAR LINEAR LINEAR LINEAR LINEAR
LINEAR LINEAR LINEAR LINEAR LINEAR LINEAR LINEAR LINEAR LINEAR</Name_array><technique_common><accessor source="#Hips-Interpolations-array" count="32"><param type="name"/></accessor></technique_common></source><sampler id="Hips-Matrix-animation-transform"><input semantic="INPUT" source="#Hips-Matrix-animation-input"/><input semantic="OUTPUT" source="#Hips-Matrix-animation-output-transform"/><input semantic="INTERPOLATION" source="#Hips-Interpolations"/></sampler><channel source="#Hips-Matrix-animation-transform" target="Hips/matrix"/></animation>
    <animation id="Pelvis-anim" name="Pelvis"><source id="Pelvis-Matrix-animation-input"><float_array id="Pelvis-Matrix-animation-input-array" count="32">

0.000000 0.033333 0.066667 0.100000 0.133333 0.166667 0.200000 0.233333 0.266667 0.300000 0.333333 0.366667 0.400000 0.433333 0.466667 0.500000
0.533333 0.566667 0.600000 0.633333 0.666667 0.700000 0.733333 0.766667 0.800000 0.833333 0.866667 0.900000 0.933333 0.966667 1.000000 1.033333</float_array><technique_common><accessor source="#Pelvis-Matrix-animation-input-array" count="32"><param name="TIME" type="float"/></accessor></technique_common></source><source id="Pelvis-Matrix-animation-output-transform"><float_array id="Pelvis-Matrix-animation-output-transform-array" count="512">

1.000000 0.000000 0.000000 0.000000 0.000000 1.000000 -0.000000 0.000000 0.000000 -0.000000 1.000000 0.000000 0.000000 0.000000 0.000000 1.000000
1.000000 0.000000 0.000000 0.000000 0.000000 1.000000 -0.000000 0.000000 -0.000000 -0.000000 1.000000 0.000000 0.000000 0.000000 0.000000 1.000000
1.000000 0.000000 0.000000 0.000000 -0.000000 1.000000 -0.000000 0.000000 -0.000000 0.000000 1.000000 0.000000 0.000000 0.000000 0.000000 1.000000
1.000000 -0.000000 0.000000 0.000000 0.000000 1.000000 0.000000 0.000000 -0.000000 -0.000000 1.000000 0.000000 0.000000 0.000000 0.000000 1.000000
1.000000 -0.000000 0.000000 0.000000 -0.000000 1.000000 0.000000 0.000000 -0.000000 0.000000 1.000000 0.000000 0.000000 0.000000 0.000000 1.000000
1.000000 -0.000000 0.000000 0.000000 -0.000000 1.000000 0.000000 0.000000 -0.000000 0.000000 1.000000 0.000000 0.000000 0.000000 0.000000 1.000000
1.000000 -0.000000 0.000000 0.000000 -0.000000 1.000000 0.000000 0.000000 0.000000 -0.000000 1.000000 0.000000 0.000000 0.000000 0.000000 1.000000
1.000000 -0.000000 0.000000 0.000000 -0.000000 1.000000 0.000000 0.000000 0.000000 0.000000 1.000000 0.000000 0.000000 0.000000 0.000000 1.000000
1.000000 -0.000000 0.000000 0.000000 -0.000000 1.000000 -0.000000 0.000000 0.000000 -0.000000 1.000000 0.000000 0.000000 0.000000 0.000000 1.000000
1.000000 -0.000000 -0.000000 0.000000 0.000000 1.000000 0.000000 0.000000 0.000000 0.000000 1.000000 0.000000 0.000000 0.000000 0.000000 1.000000
1.000000 0.000000 0.000000 0.000000 0.000000 1.000000 0.000000 0.000000 0.000000 0.000000 1.000000 0.000000 0.000000 0.000000 0.000000 1.000000
1.000000 0.000000 0.000000 0.000000 -0.000000 1.000000 0.000000 0.000000 0.000000 0.000000 1.000000 0.000000 0.000000 0.000000 0.000000 1.000000
1.000000 -0.000000 0.000000 0.000000 0.000000 1.000000 0.000000 0.000000 0.000000 0.000000 1.000000 0.000000 0.000000 0.000000 0.000000 1.000000
1.000000 -0.000000 0.000000 0.000000 -0.000000 1.000000 0.000000 0.000000 0.000000 0.000000 1.000000 0.000000 0.000000 0.000000 0.000000 1.000000
1.000000 0.000000 0.000000 0.000000 -0.000000 1.000000 -0.000000 0.000000 0.000000 -0.000000 1.000000 0.000000 0.000000 0.000000 0.000000 1.000000
1.000000 0.000000 0.000000 0.000000 -0.000000 1.000000 0.000000 0.000000 -0.000000 0.000000 1.000000 0.000000 0.000000 0.000000 0.000000 1.000000
1.000000 0.000000 0.000000 0.000000 0.000000 1.000000 0.000000 0.000000 -0.000000 -0.000000 1.000000 0.000000 0.000000 0.000000 0.000000 1.000000
1.000000 0.000000 0.000000 0.000000 0.000000 1.000000 0.000000 0.000000 0.000000 0.000000 1.000000 0.000000 0.000000 0.000000 0.000000 1.000000
1.000000 -0.000000 -0.000000 0.000000 0.000000 1.000000 0.000000 0.000000 -0.000000 0.000000 1.000000 0.000000 0.000000 0.000000 0.000000 1.000000
1.000000 0.000000 0.000000 0.000000 0.000000 1.000000 0.000000 0.000000 0.000000 0.000000 1.000000 0.000000 0.000000 0.000000 0.000000 1.000000
1.000000 0.000000 0.000000 0.000000 -0.000000 1.000000 0.000000 0.000000 0.000000 0.000000 1.000000 0.000000 0.000000 0.000000 0.000000 1.000000
1.000000 0.000000 0.000000 0.000000 0.000000 1.000000 -0.000000 0.000000 0.000000 0.000000 1.000000 0.000000 0.000000 0.000000 0.000000 1.000000
1.000000 0.000000 0.000000 0.000000 0.000000 1.000000 0.000000 0.000000 0.000000 0.000000 1.000000 0.000000 0.000000 0.000000 0.000000 1.000000
1.000000 0.000000 0.000000 0.000000 -0.000000 1.000000 0.000000 0.000000 0.000000 0.000000 1.000000 0.000000 0.000000 0.000000 0.000000 1.000000
1.000000 -0.000000 0.000000 0.000000 -0.000000 1.000000 0.000000 0.000000 0.000000 -0.000000 1.000000 0.000000 0.000000 0.000000 0.000000 1.000000
1.000000 0.000000 -0.000000 0.000000 -0.000000 1.000000 0.000000 0.000000 -0.000000 -0.000000 1.000000 0.000000 0.000000 0.000000 0.000000 1.000000
1.000000 -0.000000 0.000000 0.000000 0.000000 1.000000 0.000000 0.000000 0.000000 0.000000 1.000000 0.000000 0.000000 0.000000 0.000000 1.000000
1.000000 -0.000000 0.000000 0.000000 -0.000000 1.000000 0.000000 0.000000 -0.000000 0.000000 1.000000 0.000000 0.000000 0.000000 0.000000 1.000000
1.000000 0.000000 0.000000 0.000000 0.000000 1.000000 -0.000000 0.000000 0.000000 -0.000000 1.000000 0.000000 0.000000 0.000000 0.000000 1.000000
1.000000 0.000000 -0.000000 0.000000 0.000000 1.000000 0.000000 0.000000 -0.000000 0.000000 1.000000 0.000000 0.000000 0.000000 0.000000 1.000000
1.000000 0.000000 -0.000000 0.000000 0.000000 1.000000 0.000000 0.000000 0.000000 0.000000 1.000000 0.000000 0.000000 0.000000 0.000000 1.000000
1.000000 0.000000 0.000000 0.000000 0.000000 1.000000 0.000000 0.000000 0.000000 0.000000 1.000000 0.000000 0.000000 0.000000 0.000000 1.000000</float_array><technique_common><accessor source="#Pelvis-Matrix-animation-output-transform-array" count="32" stride="16"><param type="float4x4"/></accessor></technique_common></source><source id="Pelvis-Interpolations"><Name_array id="Pelvis-Interpolations-array" count="32">
 LINEAR LINEAR LINEAR LINEAR LINEAR LINEAR LINEAR LINEAR LINEAR LINEAR LINEAR
LINEAR LINEAR LINEAR LINEAR LINEAR LINEAR LINEAR LINEAR LINEAR LINEAR LINEAR LINEAR
LINEAR LINEAR LINEAR LINEAR LINEAR LINEAR LINEAR LINEAR LINEAR</Name_array><technique_common><accessor source="#Pelvis-Interpolations-array" count="32"><param type="name"/></accessor></technique_common></source><sampler id="Pelvis-Matrix-animation-transform"><input semantic="INPUT" source="#Pelvis-Matrix-animation-input"/><input semantic="OUTPUT" source="#Pelvis-Matrix-animation-output-transform"/><input semantic="INTERPOLATION" source="#Pelvis-Interpolations"/></sampler><channel source="#Pelvis-Matrix-animation-transform" target="Pelvis/matrix"/></animation>
    <animation id="LeftUpLeg-anim" name="LeftUpLeg"><source id="LeftUpLeg-Matrix-animation-input"><float_array id="LeftUpLeg-Matrix-animation-input-array" count="32">

0.000000 0.033333 0.066667 0.100000 0.133333 0.166667 0.200000 0.233333 0.266667 0.300000 0.333333 0.366667 0.400000 0.433333 0.466667 0.500000
0.533333 0.566667 0.600000 0.633333 0.666667 0.700000 0.733333 0.766667 0.800000 0.833333 0.866667 0.900000 0.933333 0.966667 1.000000 1.033333</float_array><technique_common><accessor source="#LeftUpLeg-Matrix-animation-input-array" count="32"><param name="TIME" type="float"/></accessor></technique_common></source><source id="LeftUpLeg-Matrix-animation-output-transform"><float_array id="LeftUpLeg-Matrix-animation-output-transform-array" count="512">

0.984482 -0.079543 0.156421 8.267000 -0.011209 0.861043 0.508408 -7.995500 -0.175126 -0.502272 0.846790 -0.379100 0.000000 0.000000 0.000000 1.000000
0.985650 -0.062089 0.156966 8.267000 -0.030554 0.848911 0.527652 -7.995500 -0.166012 -0.524876 0.834833 -0.379100 0.000000 0.000000 0.000000 1.000000
0.988098 -0.041092 0.148233 8.267000 -0.039742 0.862742 0.504079 -7.995500 -0.148601 -0.503971 0.850841 -0.379100 0.000000 0.000000 0.000000 1.000000
0.991596 -0.048901 0.119778 8.267000 -0.023333 0.843037 0.537349 -7.995500 -0.127254 -0.535628 0.834811 -0.379100 0.000000 0.000000 0.000000 1.000000
0.994984 -0.059156 0.080663 8.267000 -0.000705 0.802221 0.597027 -7.995500 -0.100027 -0.594090 0.798155 -0.379100 0.000000 0.000000 0.000000 1.000000
0.996300 -0.064616 0.056662 8.267000 0.010979 0.749605 0.661794 -7.995500 -0.085237 -0.658724 0.747541 -0.379100 0.000000 0.000000 0.000000 1.000000
0.994643 -0.072597 0.073583 8.267000 0.004477 0.741448 0.670995 -7.995500 -0.103270 -0.667071 0.737802 -0.379100 0.000000 0.000000 0.000000 1.000000
0.994245 -0.056142 0.091243 8.267000 -0.014454 0.773607 0.633501 -7.995500 -0.106152 -0.631174 0.768343 -0.379100 0.000000 0.000000 0.000000 1.000000
0.995353 -0.027045 0.092417 8.267000 -0.032885 0.806576 0.590215 -7.995500 -0.090503 -0.590512 0.801938 -0.379100 0.000000 0.000000 0.000000 1.000000
0.995448 -0.019579 0.093271 8.267000 -0.040621 0.798160 0.601075 -7.995500 -0.086213 -0.602128 0.793731 -0.379100 0.000000 0.000000 0.000000 1.000000
0.995019 -0.026961 0.095965 8.267000 -0.040627 0.769445 0.637420 -7.995500 -0.091026 -0.638144 0.764517 -0.379100 0.000000 0.000000 0.000000 1.000000
0.994762 -0.023064 0.099583 8.267000 -0.044259 0.780976 0.622991 -7.995500 -0.092141 -0.624136 0.775864 -0.379100 0.000000 0.000000 0.000000 1.000000
0.994480 -0.009171 0.104524 8.267000 -0.053359 0.813543 0.579052 -7.995500 -0.090345 -0.581433 0.808563 -0.379100 0.000000 0.000000 0.000000 1.000000
0.994395 0.011173 0.105135 8.267000 -0.063236 0.859781 0.506733 -7.995500 -0.084731 -0.510541 0.855669 -0.379100 0.000000 0.000000 0.000000 1.000000
0.994298 0.033398 0.101268 8.267000 -0.072741 0.906847 0.415136 -7.995500 -0.077970 -0.420135 0.904106 -0.379100 0.000000 0.000000 0.000000 1.000000
0.993076 0.049055 0.106746 8.267000 -0.080337 0.946545 0.312408 -7.995500 -0.085714 -0.318820 0.943931 -0.379100 0.000000 0.000000 0.000000 1.000000
0.990851 0.063060 0.119318 8.267000 -0.086013 0.976367 0.198264 -7.995500 -0.103996 -0.206714 0.972859 -0.379100 0.000000 0.000000 0.000000 1.000000
0.989139 0.075699 0.125989 8.267000 -0.087258 0.992210 0.088911 -7.995500 -0.118277 -0.098939 0.988039 -0.379100 0.000000 0.000000 0.000000 1.000000
0.987246 0.077751 0.138927 8.267000 -0.078212 0.996934 -0.002150 -7.995500 -0.138669 -0.008743 0.990300 -0.379100 0.000000 0.000000 0.000000 1.000000
0.982567 0.081526 0.167077 8.267000 -0.066693 0.993472 -0.092551 -7.995500 -0.173531 0.079795 0.981590 -0.379100 0.000000 0.000000 0.000000 1.000000
0.978460 0.080157 0.190238 8.267000 -0.050248 0.986298 -0.157135 -7.995500 -0.200227 0.144191 0.969081 -0.379100 0.000000 0.000000 0.000000 1.000000
0.975685 0.084547 0.202213 8.267000 -0.032619 0.968343 -0.247483 -7.995500 -0.216736 0.234869 0.947556 -0.379100 0.000000 0.000000 0.000000 1.000000
0.971504 0.083306 0.221901 8.267000 -0.006262 0.944894 -0.327317 -7.995500 -0.236940 0.316600 0.918490 -0.379100 0.000000 0.000000 0.000000 1.000000
0.964458 0.065882 0.255890 8.267000 0.037137 0.925009 -0.378126 -7.995500 -0.261612 0.374190 0.889686 -0.379100 0.000000 0.000000 0.000000 1.000000
0.955155 0.033280 0.294230 8.267000 0.075684 0.933219 -0.351247 -7.995500 -0.286271 0.357763 0.888850 -0.379100 0.000000 0.000000 0.000000 1.000000
0.949016 -0.028582 0.313930 8.267000 0.101828 0.970287 -0.219486 -7.995500 -0.298329 0.240262 0.923728 -0.379100 0.000000 0.000000 0.000000 1.000000
0.957213 -0.076854 0.278992 8.267000 0.095481 0.993978 -0.053778 -7.995500 -0.273179 0.078116 0.958786 -0.379100 0.000000 0.000000 0.000000 1.000000
0.971471 -0.090010 0.219415 8.267000 0.065816 0.991160 0.115199 -7.995500 -0.227844 -0.097472 0.968807 -0.379100 0.000000 0.000000 0.000000 1.000000
0.978828 -0.091219 0.183234 8.267000 0.040152 0.963382 0.265108 -7.995500 -0.200707 -0.252138 0.946648 -0.379100 0.000000 0.000000 0.000000 1.000000
0.980219 -0.094221 0.174050 8.267000 0.020837 0.923651 0.382667 -7.995500 -0.196817 -0.371471 0.907344 -0.379100 0.000000 0.000000 0.000000 1.000000
0.981350 -0.090403 0.169645 8.267000 0.001266 0.885533 0.464575 -7.995500 -0.192225 -0.455696 0.869132 -0.379100 0.000000 0.000000 0.000000 1.000000
0.984482 -0.079543 0.156421 8.267000 -0.011209 0.861044 0.508408 -7.995500 -0.175126 -0.502272 0.846791 -0.379100 0.000000 0.000000 0.000000 1.000000</float_array><technique_common><accessor source="#LeftUpLeg-Matrix-animation-output-transform-array" count="32" stride="16"><param type="float4x4"/></accessor></technique_common></source><source id="LeftUpLeg-Interpolations"><Name_array id="LeftUpLeg-Interpolations-array" count="32">
 LINEAR LINEAR LINEAR LINEAR LINEAR LINEAR LINEAR LINEAR LINEAR LINEAR LINEAR
LINEAR LINEAR LINEAR LINEAR LINEAR LINEAR LINEAR LINEAR LINEAR LINEAR LINEAR LINEAR
LINEAR LINEAR LINEAR LINEAR LINEAR LINEAR LINEAR LINEAR LINEAR</Name_array><technique_common><accessor source="#LeftUpLeg-Interpolations-array" count="32"><param type="name"/></accessor></technique_common></source><sampler id="LeftUpLeg-Matrix-animation-transform"><input semantic="INPUT" source="#LeftUpLeg-Matrix-animation-input"/><input semantic="OUTPUT" source="#LeftUpLeg-Matrix-animation-output-transform"/><input semantic="INTERPOLATION" source="#LeftUpLeg-Interpolations"/></sampler><channel source="#LeftUpLeg-Matrix-animation-transform" target="LeftUpLeg/matrix"/></animation>
    <animation id="LeftLeg-anim" name="LeftLeg"><source id="LeftLeg-Matrix-animation-input"><float_array id="LeftLeg-Matrix-animation-input-array" count="32">

0.000000 0.033333 0.066667 0.100000 0.133333 0.166667 0.200000 0.233333 0.266667 0.300000 0.333333 0.366667 0.400000 0.433333 0.466667 0.500000
0.533333 0.566667 0.600000 0.633333 0.666667 0.700000 0.733333 0.766667 0.800000 0.833333 0.866667 0.900000 0.933333 0.966667 1.000000 1.033333</float_array><technique_common><accessor source="#LeftLeg-Matrix-animation-input-array" count="32"><param name="TIME" type="float"/></accessor></technique_common></source><source id="LeftLeg-Matrix-animation-output-transform"><float_array id="LeftLeg-Matrix-animation-output-transform-array" count="512">

0.997157 0.013279 -0.074176 0.325900 -0.069562 0.540686 -0.838344 -32.385101 0.028974 0.841120 0.540072 0.044000 0.000000 0.000000 0.000000 1.000000
0.998677 0.037786 -0.034888 0.325900 -0.051426 0.726621 -0.685111 -32.385101 -0.000538 0.685998 0.727603 0.044000 0.000000 0.000000 0.000000 1.000000
0.998830 0.044742 0.018348 0.325900 -0.033599 0.914974 -0.402111 -32.385101 -0.034779 0.401024 0.915407 0.044000 0.000000 0.000000 0.000000 1.000000
0.998211 0.019709 0.056451 0.325900 -0.007790 0.978934 -0.204028 -32.385101 -0.059283 0.203224 0.977336 0.044000 0.000000 0.000000 0.000000 1.000000
0.996882 -0.040032 0.067996 0.325900 0.047361 0.992820 -0.109841 -32.385101 -0.063111 0.112719 0.991621 0.044000 0.000000 0.000000 0.000000 1.000000
0.995531 -0.072290 0.060762 0.325900 0.079584 0.988610 -0.127736 -32.385101 -0.050836 0.132001 0.989945 0.044000 0.000000 0.000000 0.000000 1.000000
0.997810 -0.055626 0.035790 0.325900 0.060178 0.988014 -0.142151 -32.385101 -0.027453 0.143993 0.989198 0.044000 0.000000 0.000000 0.000000 1.000000
0.999182 -0.034209 -0.021546 0.325900 0.030493 0.987611 -0.153934 -32.385101 0.026545 0.153151 0.987846 0.044000 0.000000 0.000000 0.000000 1.000000
0.997725 -0.027124 -0.061725 0.325900 0.016587 0.986116 -0.165225 -32.385101 0.065350 0.163825 0.984322 0.044000 0.000000 0.000000 0.000000 1.000000
0.998038 -0.009231 -0.061920 0.325900 -0.009642 0.954608 -0.297708 -32.385101 0.061858 0.297721 0.952647 0.044000 0.000000 0.000000 0.000000 1.000000
0.997851 0.019615 -0.062516 0.325900 -0.049077 0.855911 -0.514789 -32.385101 0.043410 0.516751 0.855034 0.044000 0.000000 0.000000 0.000000 1.000000
0.996969 0.034602 -0.069687 0.325900 -0.069937 0.791028 -0.607769 -32.385101 0.034094 0.610801 0.791050 0.044000 0.000000 0.000000 0.000000 1.000000
0.996392 0.032521 -0.078399 0.325900 -0.075315 0.764663 -0.640014 -32.385101 0.039135 0.643609 0.764353 0.044000 0.000000 0.000000 0.000000 1.000000
0.996374 0.017455 -0.083270 0.325900 -0.065774 0.778835 -0.623771 -32.385101 0.053966 0.626986 0.777159 0.044000 0.000000 0.000000 0.000000 1.000000
0.996203 -0.005966 -0.086861 0.325900 -0.045334 0.816195 -0.575995 -32.385101 0.074332 0.577746 0.812825 0.044000 0.000000 0.000000 0.000000 1.000000
0.994092 -0.031469 -0.103875 0.325900 -0.026466 0.857873 -0.513179 -32.385101 0.105261 0.512897 0.851972 0.044000 0.000000 0.000000 0.000000 1.000000
0.989565 -0.058268 -0.131779 0.325900 -0.003906 0.903401 -0.428779 -32.385101 0.144033 0.424819 0.893747 0.044000 0.000000 0.000000 0.000000 1.000000
0.984183 -0.081160 -0.157470 0.325900 0.022611 0.939164 -0.342724 -32.385101 0.175706 0.333743 0.926144 0.044000 0.000000 0.000000 0.000000 1.000000
0.986218 -0.092489 -0.137183 0.325900 0.051988 0.960394 -0.273754 -32.385101 0.157069 0.262849 0.951966 0.044000 0.000000 0.000000 0.000000 1.000000
0.990515 -0.091223 -0.102753 0.325900 0.069329 0.977450 -0.199461 -32.385101 0.118631 0.190445 0.974504 0.044000 0.000000 0.000000 0.000000 1.000000
0.994563 -0.090931 -0.050746 0.325900 0.081144 0.982165 -0.169610 -32.385101 0.065264 0.164571 0.984204 0.044000 0.000000 0.000000 0.000000 1.000000
0.994785 -0.099677 -0.021605 0.325900 0.097711 0.992131 -0.078280 -32.385101 0.029238 0.075761 0.996697 0.044000 0.000000 0.000000 0.000000 1.000000
0.991926 -0.125143 -0.020560 0.325900 0.124532 0.991799 -0.028741 -32.385101 0.023988 0.025948 0.999375 0.044000 0.000000 0.000000 0.000000 1.000000
0.985703 -0.160617 -0.050909 0.325900 0.157605 0.985767 -0.058522 -32.385101 0.059584 0.049662 0.996987 0.044000 0.000000 0.000000 0.000000 1.000000
0.977572 -0.171202 -0.122645 0.325900 0.142370 0.966364 -0.214174 -32.385101 0.155187 0.191910 0.969065 0.044000 0.000000 0.000000 0.000000 1.000000
0.971912 -0.160817 -0.171827 0.325900 0.057841 0.870942 -0.487970 -32.385101 0.228125 0.464325 0.855781 0.044000 0.000000 0.000000 0.000000 1.000000
0.973760 -0.153827 -0.167713 0.325900 -0.018308 0.681617 -0.731480 -32.385101 0.226838 0.715357 0.660916 0.044000 0.000000 0.000000 0.000000 1.000000
0.986742 -0.132698 -0.093443 0.325900 -0.019343 0.475493 -0.879507 -32.385101 0.161141 0.869654 0.466622 0.044000 0.000000 0.000000 0.000000 1.000000
0.994106 -0.094720 -0.052740 0.325900 -0.016717 0.346725 -0.937818 -32.385101 0.107117 0.933172 0.343098 0.044000 0.000000 0.000000 0.000000 1.000000
0.996034 -0.053854 -0.070824 0.325900 -0.049527 0.325688 -0.944179 -32.385101 0.073915 0.943942 0.321729 0.044000 0.000000 0.000000 0.000000 1.000000
0.995932 -0.016569 -0.088573 0.325900 -0.074831 0.395537 -0.915397 -32.385101 0.050201 0.918301 0.392688 0.044000 0.000000 0.000000 0.000000 1.000000
0.997157 0.013279 -0.074176 0.325900 -0.069562 0.540687 -0.838343 -32.385101 0.028974 0.841119 0.540073 0.044000 0.000000 0.000000 0.000000 1.000000</float_array><technique_common><accessor source="#LeftLeg-Matrix-animation-output-transform-array" count="32" stride="16"><param type="float4x4"/></accessor></technique_common></source><source id="LeftLeg-Interpolations"><Name_array id="LeftLeg-Interpolations-array" count="32">
 LINEAR LINEAR LINEAR LINEAR LINEAR LINEAR LINEAR LINEAR LINEAR LINEAR LINEAR
LINEAR LINEAR LINEAR LINEAR LINEAR LINEAR LINEAR LINEAR LINEAR LINEAR LINEAR LINEAR
LINEAR LINEAR LINEAR LINEAR LINEAR LINEAR LINEAR LINEAR LINEAR</Name_array><technique_common><accessor source="#LeftLeg-Interpolations-array" count="32"><param type="name"/></accessor></technique_common></source><sampler id="LeftLeg-Matrix-animation-transform"><input semantic="INPUT" source="#LeftLeg-Matrix-animation-input"/><input semantic="OUTPUT" source="#LeftLeg-Matrix-animation-output-transform"/><input semantic="INTERPOLATION" source="#LeftLeg-Interpolations"/></sampler><channel source="#LeftLeg-Matrix-animation-transform" target="LeftLeg/matrix"/></animation>
    <animation id="LeftFoot-anim" name="LeftFoot"><source id="LeftFoot-Matrix-animation-input"><float_array id="LeftFoot-Matrix-animation-input-array" count="32">

0.000000 0.033333 0.066667 0.100000 0.133333 0.166667 0.200000 0.233333 0.266667 0.300000 0.333333 0.366667 0.400000 0.433333 0.466667 0.500000
0.533333 0.566667 0.600000 0.633333 0.666667 0.700000 0.733333 0.766667 0.800000 0.833333 0.866667 0.900000 0.933333 0.966667 1.000000 1.033333</float_array><technique_common><accessor source="#LeftFoot-Matrix-animation-input-array" count="32"><param name="TIME" type="float"/></accessor></technique_common></source><source id="LeftFoot-Matrix-animation-output-transform"><float_array id="LeftFoot-Matrix-animation-output-transform-array" count="512">

0.999733 0.023065 0.001105 0.239300 -0.022997 0.998826 -0.042645 -34.993999 -0.002088 0.042609 0.999090 -2.162700 0.000000 0.000000 0.000000 1.000000
0.998646 0.051955 0.002600 0.239300 -0.051864 0.998276 -0.027470 -34.993999 -0.004023 0.027298 0.999619 -2.162700 0.000000 0.000000 0.000000 1.000000
0.997565 0.069697 0.002324 0.239300 -0.069414 0.995612 -0.062757 -34.993999 -0.006688 0.062443 0.998026 -2.162700 0.000000 0.000000 0.000000 1.000000
0.995076 0.099075 0.002937 0.239300 -0.098746 0.993466 -0.057232 -34.993999 -0.008588 0.056660 0.998357 -2.162700 0.000000 0.000000 0.000000 1.000000
0.993818 0.110833 0.006483 0.239300 -0.110959 0.993528 0.024288 -34.993999 -0.003749 -0.024858 0.999684 -2.162700 0.000000 0.000000 0.000000 1.000000
0.996173 0.086208 0.014403 0.239300 -0.087398 0.984233 0.153773 -34.993999 -0.000920 -0.154443 0.988001 -2.162700 0.000000 0.000000 0.000000 1.000000
0.996393 0.084297 0.009757 0.239300 -0.084848 0.987706 0.131290 -34.993999 0.001430 -0.131645 0.991296 -2.162700 0.000000 0.000000 0.000000 1.000000
0.998575 0.053321 0.002345 0.239300 -0.053167 0.997615 -0.044013 -34.993999 -0.004686 0.043826 0.999028 -2.162700 0.000000 0.000000 0.000000 1.000000
0.999889 -0.014276 0.004179 0.239300 0.014856 0.972716 -0.231522 -34.993999 -0.000759 0.231559 0.972821 -2.162700 0.000000 0.000000 0.000000 1.000000
0.999293 -0.036542 0.008898 0.239300 0.037501 0.950112 -0.309647 -34.993999 0.002861 0.309761 0.950810 -2.162700 0.000000 0.000000 0.000000 1.000000
0.997521 -0.070042 0.006762 0.239300 0.070319 0.988643 -0.132817 -34.993999 0.002618 0.132963 0.991118 -2.162700 0.000000 0.000000 0.000000 1.000000
0.995873 -0.090754 0.000839 0.239300 0.090758 0.995802 -0.011931 -34.993999 0.000247 0.011958 0.999928 -2.162700 0.000000 0.000000 0.000000 1.000000
0.995043 -0.099326 -0.004892 0.239300 0.099412 0.992206 0.075130 -34.993999 -0.002608 -0.075244 0.997162 -2.162700 0.000000 0.000000 0.000000 1.000000
0.995456 -0.094890 -0.007973 0.239300 0.095110 0.986671 0.132039 -34.993999 -0.004662 -0.132198 0.991212 -2.162700 0.000000 0.000000 0.000000 1.000000
0.996687 -0.080905 -0.008286 0.239300 0.081142 0.982341 0.168591 -34.993999 -0.005500 -0.168705 0.985651 -2.162700 0.000000 0.000000 0.000000 1.000000
0.997820 -0.065566 -0.007449 0.239300 0.065741 0.978011 0.197922 -34.993999 -0.005692 -0.197980 0.980189 -2.162700 0.000000 0.000000 0.000000 1.000000
0.998775 -0.049134 -0.005919 0.239300 0.049246 0.974887 0.217185 -34.993999 -0.004901 -0.217210 0.976113 -2.162700 0.000000 0.000000 0.000000 1.000000
0.999464 -0.032227 -0.005760 0.239300 0.032676 0.971272 0.235718 -34.993999 -0.002002 -0.235780 0.971804 -2.162700 0.000000 0.000000 0.000000 1.000000
0.998266 -0.007924 -0.058337 0.239300 0.023010 0.964599 0.262714 -34.993999 0.054190 -0.263601 0.963109 -2.162700 0.000000 0.000000 0.000000 1.000000
0.989134 0.023880 -0.145063 0.239300 0.018131 0.959372 0.281560 -34.993999 0.145893 -0.281131 0.948515 -2.162700 0.000000 0.000000 0.000000 1.000000
0.969375 0.060033 -0.238134 0.239300 0.019056 0.948352 0.316647 -34.993999 0.244845 -0.311488 0.918165 -2.162700 0.000000 0.000000 0.000000 1.000000
0.951327 0.099225 -0.291773 0.239300 0.000598 0.946155 0.323713 -34.993999 0.308183 -0.308132 0.900043 -2.162700 0.000000 0.000000 0.000000 1.000000
0.941346 0.125778 -0.313126 0.239300 -0.020816 0.947814 0.318144 -34.993999 0.336800 -0.292966 0.894839 -2.162700 0.000000 0.000000 0.000000 1.000000
0.947684 0.124326 -0.294005 0.239300 -0.044026 0.963141 0.265370 -34.993999 0.316160 -0.238543 0.918226 -2.162700 0.000000 0.000000 0.000000 1.000000
0.975406 0.062387 -0.211404 0.239300 -0.029990 0.987752 0.153122 -34.993999 0.218368 -0.143016 0.965330 -2.162700 0.000000 0.000000 0.000000 1.000000
0.991814 0.005841 -0.127555 0.239300 -0.016936 0.996145 -0.086077 -34.993999 0.126561 0.087533 0.988089 -2.162700 0.000000 0.000000 0.000000 1.000000
0.996606 0.068139 -0.046188 0.239300 -0.078250 0.958380 -0.274562 -34.993999 0.025557 0.277245 0.960459 -2.162700 0.000000 0.000000 0.000000 1.000000
0.995295 0.096230 -0.011338 0.239300 -0.095493 0.954315 -0.283132 -34.993999 -0.016426 0.282882 0.959014 -2.162700 0.000000 0.000000 0.000000 1.000000
0.998096 0.061468 -0.005072 0.239300 -0.061315 0.979994 -0.189347 -34.993999 -0.006668 0.189297 0.981897 -2.162700 0.000000 0.000000 0.000000 1.000000
0.998862 0.047621 -0.002618 0.239300 -0.047531 0.989455 -0.136819 -34.993999 -0.003925 0.136787 0.990593 -2.162700 0.000000 0.000000 0.000000 1.000000
0.999539 0.030357 -0.000514 0.239300 -0.030283 0.995613 -0.088527 -34.993999 -0.002176 0.088502 0.996074 -2.162700 0.000000 0.000000 0.000000 1.000000
0.999733 0.023065 0.001105 0.239300 -0.022997 0.998826 -0.042646 -34.993999 -0.002088 0.042609 0.999090 -2.162700 0.000000 0.000000 0.000000 1.000000</float_array><technique_common><accessor source="#LeftFoot-Matrix-animation-output-transform-array" count="32" stride="16"><param type="float4x4"/></accessor></technique_common></source><source id="LeftFoot-Interpolations"><Name_array id="LeftFoot-Interpolations-array" count="32">
 LINEAR LINEAR LINEAR LINEAR LINEAR LINEAR LINEAR LINEAR LINEAR LINEAR LINEAR
LINEAR LINEAR LINEAR LINEAR LINEAR LINEAR LINEAR LINEAR LINEAR LINEAR LINEAR LINEAR
LINEAR LINEAR LINEAR LINEAR LINEAR LINEAR LINEAR LINEAR LINEAR</Name_array><technique_common><accessor source="#LeftFoot-Interpolations-array" count="32"><param type="name"/></accessor></technique_common></source><sampler id="LeftFoot-Matrix-animation-transform"><input semantic="INPUT" source="#LeftFoot-Matrix-animation-input"/><input semantic="OUTPUT" source="#LeftFoot-Matrix-animation-output-transform"/><input semantic="INTERPOLATION" source="#LeftFoot-Interpolations"/></sampler><channel source="#LeftFoot-Matrix-animation-transform" target="LeftFoot/matrix"/></animation>
    <animation id="RightUpLeg-anim" name="RightUpLeg"><source id="RightUpLeg-Matrix-animation-input"><float_array id="RightUpLeg-Matrix-animation-input-array" count="32">

0.000000 0.033333 0.066667 0.100000 0.133333 0.166667 0.200000 0.233333 0.266667 0.300000 0.333333 0.366667 0.400000 0.433333 0.466667 0.500000
0.533333 0.566667 0.600000 0.633333 0.666667 0.700000 0.733333 0.766667 0.800000 0.833333 0.866667 0.900000 0.933333 0.966667 1.000000 1.033333</float_array><technique_common><accessor source="#RightUpLeg-Matrix-animation-input-array" count="32"><param name="TIME" type="float"/></accessor></technique_common></source><source id="RightUpLeg-Matrix-animation-output-transform"><float_array id="RightUpLeg-Matrix-animation-output-transform-array" count="512">

0.991200 -0.033310 -0.128116 -8.267000 0.062149 0.971626 0.228213 -7.995500 0.116879 -0.234167 0.965145 -0.379100 0.000000 0.000000 0.000000 1.000000
0.989210 -0.041461 -0.140517 -8.267000 0.058932 0.990711 0.122549 -7.995500 0.134131 -0.129508 0.982465 -0.379100 0.000000 0.000000 0.000000 1.000000
0.984826 -0.044456 -0.167751 -8.267000 0.052778 0.997570 0.045477 -7.995500 0.165322 -0.053641 0.984780 -0.379100 0.000000 0.000000 0.000000 1.000000
0.978922 -0.048771 -0.198324 -8.267000 0.052071 0.998578 0.011454 -7.995500 0.197483 -0.021539 0.980070 -0.379100 0.000000 0.000000 0.000000 1.000000
0.974622 -0.052957 -0.217502 -8.267000 0.047448 0.998409 -0.030477 -7.995500 0.218770 0.019383 0.975584 -0.379100 0.000000 0.000000 0.000000 1.000000
0.972737 -0.048311 -0.226821 -8.267000 0.029916 0.996030 -0.083846 -7.995500 0.229972 0.074775 0.970320 -0.379100 0.000000 0.000000 0.000000 1.000000
0.971508 -0.039390 -0.233710 -8.267000 0.005417 0.989525 -0.144258 -7.995500 0.236944 0.138882 0.961545 -0.379100 0.000000 0.000000 0.000000 1.000000
0.967971 -0.028769 -0.249410 -8.267000 -0.029482 0.973515 -0.226713 -7.995500 0.249327 0.226805 0.941486 -0.379100 0.000000 0.000000 0.000000 1.000000
0.961086 -0.030317 -0.274580 -8.267000 -0.060814 0.946356 -0.317352 -7.995500 0.269472 0.321701 0.907686 -0.379100 0.000000 0.000000 0.000000 1.000000
0.958289 -0.007503 -0.285702 -8.267000 -0.085304 0.946580 -0.310981 -7.995500 0.272774 0.322381 0.906457 -0.379100 0.000000 0.000000 0.000000 1.000000
0.962814 0.049884 -0.265518 -8.267000 -0.102146 0.977067 -0.186834 -7.995500 0.250109 0.207008 0.945829 -0.379100 0.000000 0.000000 0.000000 1.000000
0.969360 0.096746 -0.225792 -8.267000 -0.104654 0.994236 -0.023291 -7.995500 0.222238 0.046208 0.973897 -0.379100 0.000000 0.000000 0.000000 1.000000
0.975782 0.117511 -0.184503 -8.267000 -0.092871 0.986214 0.136955 -7.995500 0.198053 -0.116503 0.973243 -0.379100 0.000000 0.000000 0.000000 1.000000
0.978542 0.128438 -0.161116 -8.267000 -0.079751 0.957090 0.278600 -7.995500 0.189986 -0.259772 0.946797 -0.379100 0.000000 0.000000 0.000000 1.000000
0.977751 0.141572 -0.154788 -8.267000 -0.068728 0.913382 0.401261 -7.995500 0.198188 -0.381695 0.902790 -0.379100 0.000000 0.000000 0.000000 1.000000
0.978611 0.144222 -0.146696 -8.267000 -0.051632 0.862462 0.503482 -7.995500 0.199133 -0.485139 0.851461 -0.379100 0.000000 0.000000 0.000000 1.000000
0.979687 0.146687 -0.136735 -8.267000 -0.038948 0.808056 0.587817 -7.995500 0.196715 -0.570551 0.797355 -0.379100 0.000000 0.000000 0.000000 1.000000
0.980409 0.149879 -0.127808 -8.267000 -0.029761 0.754123 0.656059 -7.995500 0.194712 -0.639402 0.743809 -0.379100 0.000000 0.000000 0.000000 1.000000
0.984128 0.136961 -0.112845 -8.267000 -0.019268 0.714596 0.699272 -7.995500 0.176412 -0.685999 0.705892 -0.379100 0.000000 0.000000 0.000000 1.000000
0.989341 0.116762 -0.087015 -8.267000 -0.022708 0.713947 0.699832 -7.995500 0.143838 -0.690396 0.708988 -0.379100 0.000000 0.000000 0.000000 1.000000
0.990441 0.108916 -0.084639 -8.267000 -0.025977 0.749911 0.661028 -7.995500 0.135468 -0.652511 0.745572 -0.379100 0.000000 0.000000 0.000000 1.000000
0.988869 0.103772 -0.106624 -8.267000 -0.022974 0.814528 0.579669 -7.995500 0.147002 -0.570768 0.807846 -0.379100 0.000000 0.000000 0.000000 1.000000
0.989580 0.095483 -0.107774 -8.267000 -0.014159 0.809398 0.587090 -7.995500 0.143289 -0.579446 0.802315 -0.379100 0.000000 0.000000 0.000000 1.000000
0.992832 0.069183 -0.097459 -8.267000 0.006253 0.784248 0.620417 -7.995500 0.119355 -0.616579 0.778193 -0.379100 0.000000 0.000000 0.000000 1.000000
0.992812 0.066335 -0.099620 -8.267000 0.014176 0.761318 0.648223 -7.995500 0.118843 -0.644976 0.754906 -0.379100 0.000000 0.000000 0.000000 1.000000
0.991988 0.066728 -0.107275 -8.267000 0.019590 0.757613 0.652410 -7.995500 0.124807 -0.649285 0.750235 -0.379100 0.000000 0.000000 0.000000 1.000000
0.990419 0.063753 -0.122501 -8.267000 0.028684 0.772745 0.634068 -7.995500 0.135086 -0.631506 0.763513 -0.379100 0.000000 0.000000 0.000000 1.000000
0.990002 0.052911 -0.130750 -8.267000 0.036033 0.801347 0.597114 -7.995500 0.136370 -0.595856 0.791429 -0.379100 0.000000 0.000000 0.000000 1.000000
0.990949 0.033687 -0.129942 -8.267000 0.041966 0.841737 0.538254 -7.995500 0.127509 -0.538836 0.832705 -0.379100 0.000000 0.000000 0.000000 1.000000
0.992317 0.007163 -0.123516 -8.267000 0.050308 0.888706 0.455709 -7.995500 0.113034 -0.458422 0.881517 -0.379100 0.000000 0.000000 0.000000 1.000000
0.992449 -0.017135 -0.121453 -8.267000 0.059122 0.934399 0.351287 -7.995500 0.107467 -0.355815 0.928357 -0.379100 0.000000 0.000000 0.000000 1.000000
0.991200 -0.033310 -0.128116 -8.267000 0.062150 0.971625 0.228216 -7.995500 0.116879 -0.234170 0.965144 -0.379100 0.000000 0.000000 0.000000 1.000000</float_array><technique_common><accessor source="#RightUpLeg-Matrix-animation-output-transform-array" count="32" stride="16"><param type="float4x4"/></accessor></technique_common></source><source id="RightUpLeg-Interpolations"><Name_array id="RightUpLeg-Interpolations-array" count="32">
 LINEAR LINEAR LINEAR LINEAR LINEAR LINEAR LINEAR LINEAR LINEAR LINEAR LINEAR
LINEAR LINEAR LINEAR LINEAR LINEAR LINEAR LINEAR LINEAR LINEAR LINEAR LINEAR LINEAR
LINEAR LINEAR LINEAR LINEAR LINEAR LINEAR LINEAR LINEAR LINEAR</Name_array><technique_common><accessor source="#RightUpLeg-Interpolations-array" count="32"><param type="name"/></accessor></technique_common></source><sampler id="RightUpLeg-Matrix-animation-transform"><input semantic="INPUT" source="#RightUpLeg-Matrix-animation-input"/><input semantic="OUTPUT" source="#RightUpLeg-Matrix-animation-output-transform"/><input semantic="INTERPOLATION" source="#RightUpLeg-Interpolations"/></sampler><channel source="#RightUpLeg-Matrix-animation-transform" target="RightUpLeg/matrix"/></animation>
    <animation id="RightLeg-anim" name="RightLeg"><source id="RightLeg-Matrix-animation-input"><float_array id="RightLeg-Matrix-animation-input-array" count="32">

0.000000 0.033333 0.066667 0.100000 0.133333 0.166667 0.200000 0.233333 0.266667 0.300000 0.333333 0.366667 0.400000 0.433333 0.466667 0.500000
